"C:0","C:1","C:2","Cx","Cy","Cz","Mas","Points:0","Points:1","Points:2","Ret","T","U:0","U:1","U:2","alphat","grad(p):0","grad(p):1","grad(p):2","im","k","nut","omega","p","pseudoCoField","rho","vorticity:0","vorticity:1","vorticity:2","wallShearStress:0","wallShearStress:1","wallShearStress:2","xc","yPlus"
7.6294e-05,-3.1418e-05,-0.003,7.6294e-05,-3.1418e-05,-0.003,0.18984,7.6279e-05,-3.1803e-05,-0.003,516.95,343.51,0,0,0,0,-7.1083e+07,6.7247e+07,-4.22e-05,0.13673,27.127,0,5.4223e+07,98810,15.009,0.99039,-1.7113e-08,2.0862e-07,1.5986e+07,-284.6,-6.4475,4.5995e-13,0.00074082,7.0874
4.9547e-05,-2.6019e-05,-0.003,4.9547e-05,-2.6019e-05,-0.003,0,4.8283e-05,-2.9493e-05,-0.003,527.38,346,0,0,0,0,-3.7751e+07,1.0447e+08,3.5763e-06,0.17474,18.898,0,5.4685e+07,1.0269e+05,15.009,1.0155,1.5134e-09,4.4703e-08,1.1741e+07,-199.64,14.327,3.9442e-14,0.00055358,6.5714
0.00010434,-3.2158e-05,-0.003,0.00010434,-3.2158e-05,-0.003,0.25888,0.00010434,-3.2571e-05,-0.003,509.68,341.48,0,0,0,0,-7.1832e+07,2.9475e+07,-7.2539e-05,0.10593,32.925,0,5.3075e+07,96711,15.009,0.97927,-2.6077e-08,2.5332e-07,1.8649e+07,-333.82,-17.835,5.0488e-13,0.00099083,7.4402
0.00013237,-3.1264e-05,-0.003,0.00013237,-3.1264e-05,-0.003,0.34017,0.00013239,-3.1689e-05,-0.003,503.18,338.66,0,0,0,0,-9.9596e+07,-2.5903e+07,-5.3346e-05,0.089592,37.625,0,5.4391e+07,93528,15.009,0.95872,-8.5682e-08,4.1723e-07,2.2454e+07,-398.64,-36.21,9.5398e-13,0.0012586,7.8239
0.00016028,-2.8539e-05,-0.003,0.00016028,-2.8539e-05,-0.003,0.41492,0.00016036,-2.9108e-05,-0.003,496.59,335.8,0,0,0,0,-1.0708e+08,-7.1299e+07,-2.7776e-05,0.077616,41.619,0,5.5937e+07,90004,15.009,0.93325,-4.0978e-08,2.9802e-07,2.6113e+07,-458.46,-67.259,2.9562e-13,0.0015453,8.0809
0.00018792,-2.3798e-05,-0.003,0.00018792,-2.3798e-05,-0.003,0.48295,0.00018802,-2.4252e-05,-0.003,490.61,333.01,0,0,0,0,-1.0641e+08,-9.8582e+07,-9.0599e-06,0.068069,45.151,0,5.7667e+07,86380,15.009,0.90435,1.4901e-08,1.1921e-07,2.9375e+07,-508.81,-109.37,-8.231e-13,0.0018514,8.2578
0.00021514,-1.705e-05,-0.003,0.00021514,-1.705e-05,-0.003,0.54523,0.00021529,-1.758e-05,-0.003,484.92,330.46,0,0,0,0,-9.5469e+07,-1.1444e+08,0.00010395,0.060314,48.454,0,5.9688e+07,82780,15.009,0.87347,4.6939e-07,-1.1325e-06,3.2256e+07,-548.68,-158.65,-1.4451e-12,0.0021757,8.3496
0.0002418,-8.3569e-06,-0.003,0.0002418,-8.3569e-06,-0.003,0.60044,0.00024196,-8.7864e-06,-0.003,479.73,328.3,0,0,0,0,-7.3624e+07,-1.2005e+08,0.0002414,0.053683,51.694,0,6.1809e+07,79412,15.009,0.84307,1.2368e-06,-2.8908e-06,3.4515e+07,-574.6,-210.68,-2.8009e-12,0.002516,8.3653
0.00026781,2.1446e-06,-0.003,0.00026781,2.1446e-06,-0.003,0.64468,0.00026799,1.7255e-06,-0.003,474.92,326.56,0,0,0,0,-4.8529e+07,-1.1553e+08,3.8862e-05,0.048009,54.906,0,6.375e+07,76621,15.009,0.81762,1.4901e-06,-2.9802e-06,3.6204e+07,-588.9,-259.33,-2.9857e-12,0.00287,8.3276
0.00029309,1.4287e-05,-0.003,0.00029309,1.4287e-05,-0.003,0.68257,0.00029328,1.3914e-05,-0.003,470.35,325.45,0,0,0,0,-2.3058e+07,-1.1191e+08,-4.1723e-05,0.042154,57.513,0,6.5622e+07,74181,15.009,0.79501,1.0878e-06,-2.0564e-06,3.6961e+07,-587.21,-298.24,-7.4912e-13,0.0032352,8.2465
0.00031763,2.789e-05,-0.003,0.00031763,2.789e-05,-0.003,0.70974,0.0003178,2.7595e-05,-0.003,466.02,325.72,0,0,0,0,-2.8876e+06,-9.3545e+07,2.3365e-05,0.036729,58.927,0,6.7279e+07,72412,15.009,0.77589,1.6838e-06,-2.7418e-06,3.625e+07,-563.14,-320.76,-2.8113e-13,0.0036096,8.0662
0.0003415,4.266e-05,-0.003,0.0003415,4.266e-05,-0.003,0.72591,0.00034163,4.2456e-05,-0.003,462.05,326.92,0,0,0,0,4.3485e+06,-6.6858e+07,4.065e-05,0.032659,59.328,0,6.8538e+07,71353,15.009,0.76152,2.3842e-06,-3.6359e-06,3.4673e+07,-528.12,-329.45,-6.2021e-13,0.0039906,7.8092
0.00036516,5.8514e-05,-0.003,0.00036516,5.8514e-05,-0.003,0.73688,0.00036494,5.8134e-05,-0.003,458.42,328.11,0,0,0,0,2.0342e+06,-5.2927e+07,-2.0325e-05,0.030018,58.892,0,6.9572e+07,70633,15.009,0.75092,1.5944e-06,-2.4438e-06,3.3009e+07,-494.13,-330.22,1.2256e-12,0.0043815,7.5442
0.00038962,7.6029e-05,-0.003,0.00038962,7.6029e-05,-0.003,0.75174,0.00038914,7.533e-05,-0.003,454.94,329.2,0,0,0,0,2.7681e+06,-5.0914e+07,-9.4831e-05,0.027719,57.59,0,7.0837e+07,69655,15.009,0.73842,1.2666e-06,-1.8477e-06,3.1359e+07,-461.29,-327.06,1.4694e-12,0.0047979,7.2753
0.00041622,9.6281e-05,-0.003,0.00041622,9.6281e-05,-0.003,0.76514,0.00041527,9.5321e-05,-0.003,451.55,330.36,0,0,0,0,2.3481e+06,-4.9531e+07,7.689e-06,0.025843,55.266,0,7.1982e+07,68772,15.009,0.72696,-1.7583e-06,2.1756e-06,2.9303e+07,-424.01,-316.51,-7.1544e-14,0.0052637,6.963
0.00044603,0.00012057,-0.003,0.00044603,0.00012057,-0.003,0.78737,0.00044519,0.00011915,-0.003,447.96,331.63,0,0,0,0,6.3689e+06,-5.9935e+07,6.7174e-05,0.023758,51.427,0,7.3714e+07,67305,15.009,0.71006,-1.3709e-06,1.8626e-06,2.6536e+07,-376.83,-295.57,1.7765e-14,0.0058033,6.5856
0.00047942,0.00015026,-0.003,0.00047942,0.00015026,-0.003,0.81278,0.00047846,0.00014864,-0.003,443.95,333.07,0,0,0,0,1.9701e+07,-5.9739e+07,5.9605e-05,0.021273,45.249,0,7.5724e+07,65628,15.009,0.69025,1.6242e-06,-1.8328e-06,2.1929e+07,-303.69,-253.16,6.0927e-13,0.0064348,5.8733
0.00051643,0.00018667,-0.003,0.00051643,0.00018667,-0.003,0.82318,0.00051555,0.00018461,-0.003,440.24,334.09,0,0,0,0,3.0562e+07,-4.008e+07,5.9783e-05,0.02023,35.962,0,7.6818e+07,64943,15.009,0.67995,-1.2368e-06,1.2219e-06,1.5481e+07,-208.07,-185.96,-1.9373e-12,0.007173,4.6481
0.00055726,0.00023111,-0.003,0.00055726,0.00023111,-0.003,0.81771,0.00055617,0.00022883,-0.003,436.14,334.18,0,0,0,0,3.5143e+07,-1.9577e+07,4.4823e-05,0.019984,23.666,0,7.6557e+07,65303,15.009,0.68189,-2.2165e-06,2.183e-06,8.9061e+06,-116.16,-110.85,-2.456e-12,0.0080341,2.9646
0.00060263,0.00028465,-0.003,0.00060263,0.00028465,-0.003,0.79747,0.00060116,0.0002822,-0.003,431.78,334.65,0,0,0,0,2.9314e+07,-2.3809e+06,-2.4438e-05,0.019511,11.99,0,7.522e+07,66638,15.009,0.69344,-6.7614e-07,6.0908e-07,3.7182e+06,-48.17,-46.913,-6.6085e-13,0.0090363,1.7546
0.00065384,0.00034818,-0.003,0.00065384,0.00034818,-0.003,0.77411,0.00065206,0.00034539,-0.003,433.27,335.52,0,0,0,0,2.04e+07,6.2736e+06,-2.6327e-05,0.019496,5.3327,0,7.3789e+07,68180,15.009,0.70696,-4.8429e-07,4.0699e-07,7.4744e+05,-10.655,-8.6062,-3.3668e-13,0.010201,1.7863
0.00071202,0.00042308,-0.003,0.00071202,0.00042308,-0.003,0.74802,0.00071009,0.00041975,-0.003,431.15,336.72,0,0,0,0,1.4759e+07,9.2695e+06,-1.3532e-05,0.019896,2.9981,0,7.2312e+07,69900,15.009,0.72179,-1.5181e-07,1.3178e-07,-1.3536e+05,1.1679,2.3153,-1.3963e-13,0.011555,2.0948
0.00077815,0.00051129,-0.003,0.00077815,0.00051129,-0.003,0.72234,0.00077586,0.00050745,-0.003,415.4,338.34,0,0,0,0,8.964e+06,5.8506e+06,-9.9987e-06,0.01974,1.9538,0,7.0982e+07,71587,15.009,0.73537,1.7975e-07,-1.4016e-07,1.771e+05,-1.6218,-2.8012,1.0018e-13,0.013126,2.2201
0.00085378,0.00061473,-0.003,0.00085378,0.00061473,-0.003,0.7144,0.00085079,0.00061051,-0.003,406.24,339.17,0,0,0,0,1.5258e+06,-3.0842e+06,-1.2565e-05,0.019454,1.0803,0,7.0618e+07,72107,15.009,0.73899,7.0009e-08,-4.8909e-08,1.9008e+05,-2.5711,-2.4301,-2.9144e-14,0.014952,2.4839
0.00094137,0.0007352,-0.003,0.00094137,0.0007352,-0.003,0.73379,0.00093767,0.00073046,-0.003,419,337.99,0,0,0,0,4.2248e+06,-1.1558e+07,-9.5759e-06,0.02028,0.87528,0,7.1642e+07,70836,15.009,0.72855,-1.9775e-07,1.3456e-07,-1.458e+06,14.573,22.225,1.4941e-13,0.017073,2.8344
0.0010436,0.00087494,-0.003,0.0010436,0.00087494,-0.003,0.74677,0.0010393,0.00086938,-0.003,432.73,336.72,0,0,0,0,9.5767e+06,-6.4319e+06,1.0651e-05,0.021508,1.2653,0,7.2252e+07,69982,15.009,0.72253,-2.2771e-07,1.5227e-07,-4.1099e+06,43.515,60.856,2.1246e-13,0.01954,3.0053
0.0011626,0.0010372,-0.003,0.0011626,0.0010372,-0.003,0.72578,0.0011579,0.0010305,-0.003,427.68,337.55,0,0,0,0,7.5782e+06,5.5598e+06,1.4511e-05,0.02145,1.43,0,7.1047e+07,71362,15.009,0.73508,-1.6484e-07,1.1921e-07,-5.6828e+06,60.833,83.64,2.2042e-14,0.022407,2.8981
0.0013015,0.0012254,-0.003,0.0013015,0.0012254,-0.003,0.68535,0.0012952,0.0012182,-0.003,417.14,339.45,0,0,0,0,3.1234e+06,1.0576e+07,-1.4573e-06,0.021745,1.3191,0,6.8887e+07,74001,15.009,0.75817,8.8942e-08,-7.3575e-08,-5.0578e+06,54.56,74.18,6.6662e-14,0.025739,2.71
0.0014657,0.001442,-0.003,0.0014657,0.001442,-0.003,0.64612,0.0014575,0.0014345,-0.003,400.65,341.1,0,0,0,0,-3.9277e+05,9.1259e+06,-2.7921e-06,0.023267,1.2296,0,6.6969e+07,76529,15.009,0.7798,2.1805e-07,-1.6391e-07,-2.9211e+06,32.883,41.826,1.0239e-13,0.029616,2.4615
0.0016624,0.0016892,-0.003,0.0016624,0.0016892,-0.003,0.62257,0.0016525,0.0016808,-0.003,406.49,341.87,0,0,0,0,-1.027e+06,4.5866e+06,3.4571e-06,0.02375,1.3035,0,6.5871e+07,78024,15.009,0.79281,-6.1351e-08,4.936e-08,-6.5065e+05,8.4706,8.3937,9.1403e-14,0.034125,1.9165
0.0018955,0.0019651,-0.003,0.0018955,0.0019651,-0.003,0.61746,0.0018872,0.0019606,-0.003,378.06,341.79,0,0,0,0,-2.2981e+06,9.3478e+05,6.9863e-06,0.022638,1.7155,0,6.5572e+07,78347,15.009,0.79652,9.4063e-08,-8.8243e-08,1.8542e+06,-21.541,-25.978,-5.0921e-15,0.039283,1.9162
0.002156,0.0022643,-0.003,0.002156,0.0022643,-0.003,0.63495,0.002155,0.0022584,-0.003,364.69,341.34,0,0,0,0,-2.1071e+06,-1.3656e+06,6.13e-06,0.021366,1.9987,0,6.644e+07,77240,15.009,0.78652,4.3772e-07,-3.7649e-07,4.1643e+06,-49.385,-57.461,-1.9202e-14,0.044949,2.902
0.0024269,0.00258,-0.003,0.0024269,0.00258,-0.003,0.64927,0.002427,0.0025799,-0.003,370.47,341,0,0,0,0,1.5655e+05,-1.4882e+05,1.6203e-06,0.020702,1.4669,0,6.7147e+07,76327,15.009,0.77811,2.638e-07,-2.2491e-07,3.4684e+06,-41.27,-47.792,2.268e-14,0.050888,3.1944
0.0027033,0.0028974,-0.003,0.0027033,0.0028974,-0.003,0.6345,0.0026985,0.0029017,-0.003,369.23,341.04,0,0,0,0,-5.9005e+05,1.7412e+05,3.7125e-06,0.020544,1.2842,0,6.6408e+07,77269,15.009,0.78741,-3.4715e-07,3.2363e-07,3.2896e+06,-39.835,-44.686,6.1053e-14,0.056898,3.3128
0.0029844,0.0032106,-0.003,0.0029844,0.0032106,-0.003,0.65258,0.0029893,0.0032062,-0.003,391.33,340.83,0,0,0,0,-2.5569e+06,-9.2992e+05,2.5611e-06,0.020444,1.7066,0,6.745e+07,76115,15.009,0.7762,-4.9826e-07,4.5402e-07,5.6457e+06,-67.97,-76.98,1.6878e-14,0.062905,3.9321
0.0032633,0.0035259,-0.003,0.0032633,0.0035259,-0.003,0.66663,0.0032605,0.0035283,-0.003,409.96,340.67,0,0,0,0,-1.0339e+06,2.9594e+05,-4.0517e-06,0.020277,1.3257,0,6.8113e+07,75212,15.009,0.76752,3.3434e-07,-3.1292e-07,4.7929e+06,-57.715,-65.411,-7.7647e-15,0.068915,3.6462
0.0035433,0.0038404,-0.003,0.0035433,0.0038404,-0.003,0.65885,0.003543,0.0038407,-0.003,421.24,340.81,0,0,0,0,-5.526e+05,3.6779e+05,-1.4777e-06,0.020216,0.81322,0,6.7627e+07,75713,15.009,0.77221,5.0338e-07,-4.5868e-07,3.3802e+06,-41.343,-45.609,5.0165e-14,0.074926,3.2985
0.0038283,0.0041505,-0.003,0.0038283,0.0041505,-0.003,0.66749,0.0038269,0.0041518,-0.003,421.7,340.64,0,0,0,0,-1.3278e+06,-1.0874e+06,3.3564e-06,0.020174,0.96594,0,6.8096e+07,75157,15.009,0.76685,-3.9535e-07,3.7206e-07,4.682e+06,-57.709,-62.701,2.4461e-14,0.080933,3.6824
0.0041143,0.0044594,-0.003,0.0041143,0.0044594,-0.003,0.68113,0.0041163,0.0044575,-0.003,445.6,340.32,0,0,0,0,-1.0698e+06,-1.3954e+06,5.6643e-06,0.02015,1.1255,0,6.8847e+07,74275,15.009,0.75867,-3.6135e-07,3.4226e-07,5.5562e+06,-68.596,-74.275,1.2512e-14,0.08694,3.9036
0.0043989,0.0047698,-0.003,0.0043989,0.0047698,-0.003,0.69057,0.0043977,0.0047709,-0.003,431.95,340.23,0,0,0,0,-4.1877e+05,-5.5282e+05,7.7742e-07,0.020123,0.91032,0,6.9358e+07,73662,15.009,0.75263,-3.7206e-07,3.4552e-07,4.6329e+06,-57.072,-62.071,-2.5746e-15,0.092948,3.6125
0.0046845,0.0050793,-0.003,0.0046845,0.0050793,-0.003,0.68999,0.0046839,0.0050798,-0.003,439.02,340.16,0,0,0,0,-9.4548e+05,-6.8692e+05,-8.5635e-07,0.020116,0.898,0,6.932e+07,73700,15.009,0.7531,-5.9092e-07,5.5041e-07,4.7664e+06,-58.955,-63.643,-4.4413e-15,0.098955,3.6943
0.0049701,0.0053886,-0.003,0.0049701,0.0053886,-0.003,0.70535,0.0049723,0.0053866,-0.003,451.82,339.89,0,0,0,0,-4.5448e+05,-1.0905e+06,2.0445e-06,0.020112,0.9372,0,7.0262e+07,72699,15.009,0.74351,-3.6135e-07,3.3202e-07,5.0234e+06,-62.006,-67.17,-1.2234e-14,0.10496,3.8032
0.0052546,0.0056991,-0.003,0.0052546,0.0056991,-0.003,0.70444,0.005252,0.0057015,-0.003,438.68,339.86,0,0,0,0,-21308,-5.5849e+05,2.8918e-07,0.020113,0.77634,0,7.0221e+07,72758,15.009,0.74415,-3.1898e-07,2.9244e-07,4.2975e+06,-52.928,-57.579,4.5351e-15,0.11097,3.6237
0.0055388,0.0060096,-0.003,0.0055388,0.0060096,-0.003,0.71087,0.005542,0.0060068,-0.003,449.31,339.77,0,0,0,0,-5.3784e+05,-6.6415e+05,7.5251e-07,0.020118,0.7738,0,7.0628e+07,72339,15.009,0.74009,1.1269e-07,-9.2201e-08,4.4076e+06,-54.118,-59.19,6.3918e-14,0.11698,3.6774
0.0058214,0.0063215,-0.003,0.0058214,0.0063215,-0.003,0.71556,0.0058194,0.0063233,-0.003,433.78,339.75,0,0,0,0,-1.1111e+05,4.4004e+05,1.1967e-07,0.020114,0.61778,0,7.0872e+07,72031,15.009,0.73701,5.4063e-07,-4.8964e-07,3.5964e+06,-43.981,-48.475,4.0906e-14,0.12298,3.3978
0.0061049,0.0066326,-0.003,0.0061049,0.0066326,-0.003,0.70753,0.0061049,0.0066326,-0.003,439.82,339.81,0,0,0,0,-6.045e+05,1.8758e+05,3.1671e-07,0.020114,0.59054,0,7.0352e+07,72556,15.009,0.74216,2.2543e-06,-2.0803e-06,3.5792e+06,-43.968,-48.075,-2.7595e-16,0.12899,3.4529
0.0063892,0.0069432,-0.003,0.0063892,0.0069432,-0.003,0.71901,0.0063905,0.006942,-0.003,458.32,339.66,0,0,0,0,-2.5205e+05,-6.8984e+05,9.5053e-08,0.020112,0.6066,0,7.1062e+07,71806,15.009,0.73489,1.8436e-06,-1.7055e-06,3.7736e+06,-46.424,-50.606,2.5227e-15,0.135,3.5638
0.0066731,0.0072542,-0.003,0.0066731,0.0072542,-0.003,0.71636,0.006671,0.0072561,-0.003,449.31,339.71,0,0,0,0,1291.4,1.4613e+05,1.8589e-06,0.020112,0.48179,0,7.0896e+07,71979,15.009,0.7365,-6.2468e-07,5.7905e-07,3.0876e+06,-38.02,-41.384,4.1316e-14,0.14101,3.3489
0.0069589,0.0075634,-0.003,0.0069589,0.0075634,-0.003,0.71751,0.0069599,0.0075625,-0.003,464.32,339.7,0,0,0,0,-9.2617e+05,-2.6645e+05,2.3402e-06,0.020107,0.57984,0,7.0978e+07,71904,15.009,0.73573,-5.9255e-07,5.5321e-07,3.7212e+06,-45.913,-49.785,3.9806e-14,0.14701,3.6244
0.0072445,0.0078729,-0.003,0.0072445,0.0078729,-0.003,0.72704,0.0072448,0.0078726,-0.003,476.37,339.54,0,0,0,0,-1.6619e+05,-3.292e+05,-3.7333e-06,0.020104,0.57574,0,7.1543e+07,71279,15.009,0.72975,1.1409e-07,-1.0314e-07,3.726e+06,-46.009,-49.818,8.0255e-16,0.15302,3.6322
0.00753,0.0081824,-0.003,0.00753,0.0081824,-0.003,0.72209,0.0075284,0.0081838,-0.003,462.08,339.51,0,0,0,0,-1.1798e+05,-1.009e+05,-4.7426e-06,0.020104,0.53494,0,7.1216e+07,71604,15.009,0.73309,1.3551e-07,-1.213e-07,3.5315e+06,-43.672,-47.16,1.2677e-14,0.15903,3.5662
0.0078162,0.0084913,-0.003,0.0078162,0.0084913,-0.003,0.729,0.0078182,0.0084894,-0.003,476.48,339.39,0,0,0,0,-7.6352e+05,-6.8807e+05,-1.0496e-06,0.020102,0.62604,0,7.1671e+07,71151,15.009,0.72874,-1.1865e-06,1.0827e-06,4.1064e+06,-50.685,-54.902,-1.5579e-13,0.16503,3.7687
0.0081002,0.0088022,-0.003,0.0081002,0.0088022,-0.003,0.73543,0.0080998,0.0088025,-0.003,467.68,339.32,0,0,0,0,2.3718e+05,1.6598e+05,9.5976e-07,0.020106,0.46866,0,7.2051e+07,70728,15.009,0.72461,-4.2771e-07,3.8883e-07,3.1346e+06,-38.605,-42.005,-1.3221e-13,0.17104,3.3485
0.0083849,0.0091124,-0.003,0.0083849,0.0091124,-0.003,0.72523,0.0083828,0.0091143,-0.003,465.71,339.4,0,0,0,0,-1.5671e+05,88659,1.8496e-06,0.020108,0.395,0,7.1413e+07,71398,15.009,0.73118,9.9768e-07,-9.2038e-07,2.8343e+06,-35.045,-37.856,-1.5625e-14,0.17705,3.2984
0.0086713,0.009421,-0.003,0.0086713,0.009421,-0.003,0.73588,0.0086741,0.0094185,-0.003,484.89,339.28,0,0,0,0,-9.4119e+05,-7.2977e+05,-5.4855e-07,0.020106,0.51032,0,7.2132e+07,70699,15.009,0.72433,1.3178e-07,-1.3364e-07,3.6923e+06,-45.582,-49.348,-6.9282e-14,0.18306,3.7077
0.0089555,0.0097318,-0.003,0.0089555,0.0097318,-0.003,0.74059,0.0089543,0.0097329,-0.003,491.22,339.2,0,0,0,0,37664,5.8184e+05,1.7486e-07,0.020113,0.36657,0,7.2376e+07,70389,15.009,0.72139,-1.3388e-07,1.1944e-07,2.692e+06,-33.209,-36.022,-2.4396e-14,0.18906,3.2523
0.0092413,0.010041,-0.003,0.0092413,0.010041,-0.003,0.72991,0.0092394,0.010043,-0.003,477.86,339.32,0,0,0,0,-6.8558e+05,5.8496e+05,2.3099e-06,0.020113,0.30221,0,7.1671e+07,71090,15.009,0.72819,-3.1898e-07,3.0594e-07,2.3269e+06,-28.878,-30.987,6.6654e-14,0.19507,3.1358
0.0095309,0.010347,-0.003,0.0095309,0.010347,-0.003,0.7409,0.0095322,0.010346,-0.003,483.84,339.17,0,0,0,0,-1.7671e+06,-8.8906e+05,-3.3691e-06,0.0201,0.59934,0,7.2414e+07,70369,15.009,0.72113,1.0966e-07,-9.7323e-08,4.1163e+06,-51.166,-54.703,9.2831e-14,0.20107,3.9107
0.0098181,0.010655,-0.003,0.0098181,0.010655,-0.003,0.75404,0.0098197,0.010653,-0.003,511.35,338.88,0,0,0,0,-1.6262e+05,-5.5091e+05,-8.0606e-07,0.020101,0.6111,0,7.3236e+07,69504,15.009,0.713,1.4447e-06,-1.3253e-06,4.0932e+06,-50.802,-54.463,1.6359e-13,0.20708,3.8883
0.010102,0.010965,-0.003,0.010102,0.010965,-0.003,0.74763,0.010101,0.010967,-0.003,521.35,338.91,0,0,0,0,4.6706e+05,5.786e+05,-1.532e-07,0.02011,0.35539,0,7.2785e+07,69926,15.009,0.71719,1.1779e-06,-1.0727e-06,2.699e+06,-33.29,-36.117,1.1188e-13,0.21309,3.3198
0.010388,0.011274,-0.003,0.010388,0.011274,-0.003,0.74432,0.010389,0.011274,-0.003,528.68,338.94,0,0,0,0,-7.8486e+05,-1.9022e+05,1.6704e-06,0.020106,0.42822,0,7.2584e+07,70144,15.009,0.71932,1.7835e-07,-1.6461e-07,3.3137e+06,-40.888,-44.332,-3.6634e-14,0.21909,3.5706
0.010674,0.011584,-0.003,0.010674,0.011584,-0.003,0.75633,0.010676,0.011582,-0.003,561.45,338.74,0,0,0,0,-61400,-7.2864e+05,7.9377e-06,0.020109,0.4302,0,7.3383e+07,69353,15.009,0.71171,2.3888e-07,-2.1304e-07,3.3573e+06,-41.497,-44.839,3.2151e-14,0.2251,3.5896
0.010958,0.011895,-0.003,0.010958,0.011895,-0.003,0.75183,0.010956,0.011897,-0.003,543.85,338.78,0,0,0,0,2.095e+05,3.9863e+05,8.1537e-07,0.020115,0.28076,0,7.3078e+07,69649,15.009,0.71462,1.5225e-06,-1.4165e-06,2.432e+06,-29.982,-32.558,-1.4927e-13,0.23111,3.2073
0.011244,0.012204,-0.003,0.011244,0.012204,-0.003,0.75063,0.011245,0.012202,-0.003,552.32,338.78,0,0,0,0,-1.0348e+06,-94102,-4.3758e-06,0.020109,0.38386,0,7.3006e+07,69728,15.009,0.71539,2.9856e-06,-2.7714e-06,3.1919e+06,-39.343,-42.735,-1.4008e-13,0.23712,3.5589
0.011529,0.012513,-0.003,0.011529,0.012513,-0.003,0.76177,0.01153,0.012512,-0.003,578.82,338.61,0,0,0,0,-88730,-2.0581e+05,-4.3917e-06,0.02011,0.39437,0,7.3728e+07,68994,15.009,0.7083,1.5795e-06,-1.4598e-06,3.2638e+06,-40.234,-43.703,5.2269e-14,0.24312,3.5666
0.011814,0.012823,-0.003,0.011814,0.012823,-0.003,0.75336,0.011812,0.012826,-0.003,580.2,338.62,0,0,0,0,1.9825e+05,-7.8095e+05,-2.7874e-06,0.020108,0.38121,0,7.32e+07,69548,15.009,0.71389,2.9989e-07,-2.9313e-07,3.2004e+06,-39.502,-42.807,-3.9341e-14,0.24913,3.5231
0.012098,0.013134,-0.003,0.012098,0.013134,-0.003,0.76751,0.012103,0.01313,-0.003,606.1,338.47,0,0,0,0,1.7544e+05,-1.4601e+06,-1.3104e-06,0.020114,0.37808,0,7.4263e+07,68616,15.009,0.70471,1.3842e-06,-1.2417e-06,3.2188e+06,-39.656,-43.084,2.4585e-13,0.25514,3.5562
0.01238,0.013447,-0.003,0.01238,0.013447,-0.003,0.76589,0.012375,0.013451,-0.003,602.65,338.53,0,0,0,0,16743,9.2645e+05,1.0515e-06,0.020127,0.2214,0,7.4151e+07,68722,15.009,0.70564,3.1502e-07,-2.333e-07,2.0933e+06,-25.559,-28.231,4.3032e-13,0.26114,3.0997
0.012664,0.013757,-0.003,0.012664,0.013757,-0.003,0.75855,0.012666,0.013755,-0.003,613.25,338.6,0,0,0,0,-1.5617e+06,8.2154e+05,-1.8394e-07,0.020119,0.28433,0,7.3575e+07,69206,15.009,0.71039,-1.3993e-06,1.2836e-06,2.624e+06,-32.043,-35.409,1.2889e-13,0.26715,3.383
0.012948,0.014068,-0.003,0.012948,0.014068,-0.003,0.77163,0.012948,0.014068,-0.003,605.01,338.39,0,0,0,0,-7.684e+05,-1.6868e+05,-6.0303e-07,0.020113,0.34504,0,7.4365e+07,68344,15.009,0.70207,-4.7777e-07,4.3167e-07,3.1632e+06,-38.662,-42.652,-2.3368e-14,0.27316,3.6838
0.01323,0.014381,-0.003,0.01323,0.014381,-0.003,0.76687,0.01323,0.014381,-0.003,587.19,338.35,0,0,0,0,1.6034e+05,1.9249e+05,2.0121e-06,0.020115,0.28653,0,7.3985e+07,68658,15.009,0.70533,7.9023e-07,-7.1106e-07,2.771e+06,-33.749,-37.472,-1.3759e-14,0.27917,3.5668
0.013511,0.014694,-0.003,0.013511,0.014694,-0.003,0.76842,0.013512,0.014694,-0.003,591.54,338.28,0,0,0,0,-2.6644e+05,-6.2601e+05,-1.1452e-07,0.020112,0.31129,0,7.4106e+07,68555,15.009,0.70446,1.0387e-06,-9.3319e-07,3.0076e+06,-36.516,-40.772,3.4264e-14,0.28518,3.6921
0.01379,0.01501,-0.003,0.01379,0.01501,-0.003,0.77528,0.013792,0.015008,-0.003,610.68,338.09,0,0,0,0,5.345e+05,-3.8921e+05,-6.0437e-07,0.020126,0.23216,0,7.4579e+07,68103,15.009,0.70025,5.5972e-07,-5.0105e-07,2.3468e+06,-28.468,-31.831,2.8914e-14,0.29119,3.3653
0.014067,0.015327,-0.003,0.014067,0.015327,-0.003,0.76764,0.014065,0.015329,-0.003,597.46,338.11,0,0,0,0,6.0595e+05,9.1772e+05,3.6368e-07,0.020137,0.11714,0,7.4042e+07,68607,15.009,0.70531,3.3784e-07,-3.0105e-07,1.4157e+06,-17.026,-19.33,-7.8966e-14,0.2972,2.9386
0.014346,0.015642,-0.003,0.014346,0.015642,-0.003,0.76117,0.014348,0.015641,-0.003,604.55,338.2,0,0,0,0,-7.4431e+05,2.4942e+05,-1.6055e-06,0.020121,0.21566,0,7.3608e+07,69033,15.009,0.70946,-1.2815e-06,1.1281e-06,2.3007e+06,-27.551,-31.525,-7.5708e-14,0.30321,3.4499
0.014624,0.015959,-0.003,0.014624,0.015959,-0.003,0.77165,0.014626,0.015957,-0.003,624.01,338.04,0,0,0,0,-1.711e+05,-3.794e+05,-5.3341e-06,0.020123,0.23731,0,7.4311e+07,68343,15.009,0.70278,-5.1642e-07,4.9267e-07,2.5386e+06,-30.425,-34.75,2.4719e-13,0.30923,3.6298
0.014898,0.016279,-0.003,0.014898,0.016279,-0.003,0.76649,0.014896,0.01628,-0.003,617.15,338.07,0,0,0,0,6.3618e+05,5.9689e+05,-3.9246e-06,0.020149,0.10753,0,7.393e+07,68683,15.009,0.70622,1.0526e-06,-8.9349e-07,1.3838e+06,-16.507,-19.013,2.5766e-13,0.31524,3.0367
0.015173,0.016598,-0.003,0.015173,0.016598,-0.003,0.76047,0.015173,0.016598,-0.003,610.19,338.16,0,0,0,0,83469,4.1822e+05,-2.172e-06,0.020158,0.074931,0,7.3521e+07,69080,15.009,0.71005,-1.8801e-07,1.6345e-07,1.1409e+06,-13.597,-15.698,4.042e-15,0.32125,2.9614
0.015449,0.016915,-0.003,0.015449,0.016915,-0.003,0.76165,0.015449,0.016915,-0.003,594.37,338.14,0,0,0,0,-67730,79413,-9.0757e-07,0.020148,0.093879,0,7.359e+07,69002,15.009,0.70929,-1.1746e-07,1.0175e-07,1.4399e+06,-17.181,-19.788,5.4379e-15,0.32726,3.2348
0.015726,0.017233,-0.003,0.015726,0.017233,-0.003,0.76029,0.015726,0.017232,-0.003,593.33,338.12,0,0,0,0,-90983,-92650,-1.4791e-06,0.020139,0.11932,0,7.3488e+07,69092,15.009,0.71027,-1.5763e-07,1.3667e-07,1.7352e+06,-20.685,-23.861,-8.136e-16,0.33328,3.4607
0.016001,0.017551,-0.003,0.016001,0.017551,-0.003,0.76339,0.016002,0.01755,-0.003,604.69,338.03,0,0,0,0,18532,-1.6251e+05,-5.2964e-06,0.020139,0.1156,0,7.369e+07,68887,15.009,0.7084,-7.4971e-08,6.7055e-08,1.7051e+06,-20.25,-23.506,1.254e-14,0.33929,3.464
0.016273,0.017873,-0.003,0.016273,0.017873,-0.003,0.76177,0.016273,0.017873,-0.003,596.68,337.99,0,0,0,0,3.5364e+05,3.6846e+05,2.1092e-06,0.020151,0.078407,0,7.3556e+07,68994,15.009,0.70957,2.9209e-07,-2.4692e-07,1.276e+06,-15.05,-17.681,1.6745e-14,0.3453,3.269
0.016544,0.018195,-0.003,0.016544,0.018195,-0.003,0.75681,0.016544,0.018195,-0.003,587.48,338.03,0,0,0,0,2.7521e+05,3.6576e+05,1.8386e-06,0.020153,0.06214,0,7.3218e+07,69321,15.009,0.71282,4.6787e-07,-3.9453e-07,1.1079e+06,-12.987,-15.424,6.2017e-15,0.35132,3.24
0.016815,0.018518,-0.003,0.016815,0.018518,-0.003,0.75591,0.016816,0.018517,-0.003,578.48,338.02,0,0,0,0,1.6161e+05,94547,-4.3774e-06,0.020152,0.058888,0,7.3161e+07,69381,15.009,0.71346,1.9348e-07,-1.6391e-07,1.1037e+06,-12.91,-15.387,-1.4546e-15,0.35733,3.2881
0.017084,0.018842,-0.003,0.017084,0.018842,-0.003,0.75461,0.017084,0.018841,-0.003,569.41,338,0,0,0,0,3.0484e+05,1.7495e+05,-5.6316e-08,0.020164,0.044269,0,7.3063e+07,69466,15.009,0.7144,-5.886e-07,4.8772e-07,8.8589e+05,-10.334,-12.374,-3.522e-14,0.36334,3.2202
0.017351,0.019167,-0.003,0.017351,0.019167,-0.003,0.7517,0.017351,0.019167,-0.003,564.41,338,0,0,0,0,3.6653e+05,2.851e+05,-1.3497e-06,0.020172,0.028839,0,7.286e+07,69657,15.009,0.71635,-5.8231e-07,4.8196e-07,6.1319e+05,-7.1265,-8.5872,-6.2144e-14,0.36936,3.1013
0.017618,0.019493,-0.003,0.017618,0.019493,-0.003,0.74879,0.017618,0.019493,-0.003,561.73,338.02,0,0,0,0,2.9089e+05,2.8951e+05,-4.0338e-06,0.020175,0.021478,0,7.2667e+07,69849,15.009,0.71827,1.3865e-07,-1.1368e-07,4.6694e+05,-5.4091,-6.5543,-2.097e-14,0.37537,3.0438
0.017884,0.019819,-0.003,0.017884,0.019819,-0.003,0.74646,0.017884,0.019819,-0.003,560.76,338.06,0,0,0,0,2.1914e+05,2.6374e+05,-1.6787e-06,0.020212,0.019542,0,7.2517e+07,70003,15.009,0.71978,-7.5204e-08,6.1293e-08,4.2669e+05,-4.9296,-6.0003,4.2059e-15,0.38138,3.0284
0.018151,0.020145,-0.003,0.018151,0.020145,-0.003,0.74439,0.018151,0.020145,-0.003,558.89,338.09,0,0,0,0,1.4306e+05,1.9796e+05,-4.2024e-06,0.020286,0.020387,0,7.2384e+07,70139,15.009,0.7211,-5.6688e-07,4.6525e-07,4.3177e+05,-4.984,-6.0756,-1.3714e-14,0.3874,3.0244
0.018418,0.020471,-0.003,0.018418,0.020471,-0.003,0.74334,0.018418,0.020471,-0.003,553.3,338.1,0,0,0,0,1.1594e+05,1.147e+05,-6.3304e-06,0.020481,0.022814,0,7.2314e+07,70208,15.009,0.72179,-3.9086e-07,3.2128e-07,4.2751e+05,-4.9465,-6.0062,-1.3767e-14,0.39341,3.0357
0.018685,0.020797,-0.003,0.018685,0.020797,-0.003,0.74232,0.018685,0.020797,-0.003,544.46,338.08,0,0,0,0,1.9076e+05,1.7782e+05,-7.7315e-06,0.020575,0.027955,0,7.2239e+07,70275,15.009,0.72252,-2.6589e-07,2.1883e-07,3.7569e+05,-4.3534,-5.2725,-1.3266e-14,0.39942,3.0615
0.018944,0.021112,-0.003,0.018944,0.021112,-0.003,0.74011,0.018952,0.021122,-0.003,531.46,338.08,0,0,0,0,1.961e+05,2.4283e+05,-4.3626e-06,0.020714,0.043629,0,7.2087e+07,70420,15.009,0.72402,5.8137e-11,6.9855e-10,3.6469e+05,-4.2027,-5.1364,-1.0504e-14,0.40526,3.1359
0.019179,0.021401,-0.003,0.019179,0.021401,-0.003,0.73853,0.019187,0.021409,-0.003,515.94,338.07,0,0,0,0,87059,1.0071e+05,-2.3955e-06,0.021157,0.070096,0,7.1987e+07,70524,15.009,0.7251,1.8848e-07,-1.5355e-07,4.2215e+05,-4.8374,-5.9675,-4.6854e-15,0.41056,3.222
0.019381,0.021652,-0.003,0.019381,0.021652,-0.003,0.73853,0.01939,0.021662,-0.003,502.43,338.02,0,0,0,0,1.3401e+05,48460,4.3099e-07,0.021429,0.092066,0,7.1974e+07,70524,15.009,0.72522,1.1601e-07,-9.3423e-08,3.9092e+05,-4.4816,-5.5243,2.2109e-14,0.41517,3.1669
0.019556,0.021873,-0.003,0.019556,0.021873,-0.003,0.73758,0.019557,0.021874,-0.003,494.03,337.97,0,0,0,0,2.6282e+05,1.4227e+05,-8.2713e-08,0.021611,0.11526,0,7.1893e+07,70587,15.009,0.72597,1.7491e-07,-1.4086e-07,2.5006e+05,-2.8796,-3.5241,4.6913e-14,0.41919,3.0138
0.019718,0.022079,-0.003,0.019718,0.022079,-0.003,0.73634,0.019719,0.02208,-0.003,484.85,337.97,0,0,0,0,2.4995e+05,95418,-2.1837e-06,0.02204,0.15994,0,7.1811e+07,70668,15.009,0.72683,1.1059e-08,-6.7957e-09,1.2069e+05,-1.4185,-1.6798,-2.7227e-14,0.42294,2.9274
0.019877,0.022281,-0.003,0.019877,0.022281,-0.003,0.73579,0.019878,0.022282,-0.003,474.71,337.98,0,0,0,0,3.8752e+05,27509,3.7745e-06,0.022761,0.24163,0,7.1778e+07,70705,15.009,0.7272,-9.7338e-08,8.8474e-08,-11617,0.027216,0.24599,-1.7038e-13,0.4266,2.9055
0.020032,0.022477,-0.003,0.020032,0.022477,-0.003,0.73442,0.020033,0.022479,-0.003,462.58,338.04,0,0,0,0,5.6441e+05,2.0891e+05,2.6163e-06,0.023288,0.39777,0,7.1696e+07,70795,15.009,0.72801,-9.2827e-08,7.6163e-08,-1.7255e+05,1.8132,2.5694,-4.5029e-14,0.43017,2.9007
0.020183,0.02267,-0.003,0.020183,0.02267,-0.003,0.73194,0.020184,0.022671,-0.003,446.11,338.16,0,0,0,0,5.2686e+05,4.4822e+05,2.1894e-06,0.024022,0.73342,0,7.1547e+07,70957,15.009,0.72941,4.613e-08,-3.8694e-08,-3.0634e+05,3.3513,4.4573,3.4463e-14,0.43367,2.9266
0.020331,0.022859,-0.003,0.020331,0.022859,-0.003,0.72937,0.020332,0.022859,-0.003,422.6,338.33,0,0,0,0,2.9279e+05,1.4047e+05,4.7724e-06,0.026915,1.4027,0,7.1466e+07,71126,15.009,0.73075,4.546e-08,-3.5914e-08,-3.8812e+05,4.2504,5.6372,-1.4745e-14,0.43709,2.9828
0.020474,0.023045,-0.003,0.020474,0.023045,-0.003,0.72978,0.020476,0.023045,-0.003,396.38,338.63,0,0,0,0,1.0681e+06,6.7593e+05,1.5984e-06,0.028041,3.1046,0,7.1654e+07,71100,15.009,0.72985,2.1886e-08,-1.0856e-08,-5.1978e+05,5.6319,7.611,-3.5928e-14,0.44044,2.5656
0.020614,0.023228,-0.003,0.020614,0.023228,-0.003,0.72089,0.020612,0.023231,-0.003,365.97,339.07,0,0,0,0,9.5677e+05,2.7146e+06,-1.4044e-06,0.077849,10.759,0,7.1215e+07,71682,15.009,0.73474,1.4779e-07,-1.2701e-07,-5.2217e+05,6.0779,7.3318,1.8201e-13,0.44373,2.1468
0.020757,0.023403,-0.003,0.020757,0.023403,-0.003,0.71059,0.020758,0.023404,-0.003,331.35,339.49,0,0,0,0,-5.869e+05,1.737e+06,-1.1409e-07,0.11722,21.021,0,7.0689e+07,72357,15.009,0.74067,-1.5635e-07,9.9477e-08,20271,0.23222,-0.64092,4.016e-13,0.44696,2.8941
0.020897,0.023577,-0.003,0.020897,0.023577,-0.003,0.7141,0.0209,0.023575,-0.003,308.8,339.65,0,0,0,0,-4.1217e+05,2.5081e+05,-8.6664e-06,0.09591,23.521,0,7.0966e+07,72127,15.009,0.7381,2.7544e-07,-2.014e-07,5.1495e+05,-5.6789,-7.4528,2.9284e-13,0.45013,3.3943
0.021029,0.023751,-0.003,0.021029,0.023751,-0.003,0.71149,0.021029,0.023752,-0.003,296.45,339.87,0,0,0,0,7.5498e+05,1.46e+06,-1.1149e-05,0.093477,22.406,0,7.0759e+07,72297,15.009,0.73943,6.9267e-07,-5.177e-07,3.5573e+05,-3.9888,-5.0961,1.1815e-13,0.45326,2.7177
0.021159,0.023924,-0.003,0.021159,0.023924,-0.003,0.70337,0.021158,0.023925,-0.003,283.75,340.22,0,0,0,0,7.1456e+05,1.6774e+06,-8.5526e-06,0.099369,26.815,0,7.0295e+07,72828,15.009,0.74401,2.468e-07,-1.8429e-07,2.6303e+05,-2.8048,-3.8835,-3.2999e-14,0.45633,2.3094
0.021289,0.024092,-0.003,0.021289,0.024092,-0.003,0.69962,0.021289,0.024093,-0.003,271.22,340.45,0,0,0,0,1.017e+05,1.2622e+06,-6.7342e-06,0.092788,34.966,0,7.0161e+07,73073,15.009,0.74597,1.317e-06,-1.0128e-06,6.393e+05,-6.935,-9.3479,-4.2164e-13,0.45937,2.4721
0.021419,0.024257,-0.003,0.021419,0.024257,-0.003,0.69646,0.02142,0.024257,-0.003,259.31,340.61,0,0,0,0,1.5773e+05,1.1038e+06,6.8919e-06,0.083595,41.541,0,7.0028e+07,73279,15.009,0.74774,4.1397e-06,-3.2024e-06,1.1313e+06,-12.521,-16.347,-9.0704e-13,0.46237,2.6598
0.021548,0.02442,-0.003,0.021548,0.02442,-0.003,0.6935,0.021548,0.02442,-0.003,248.4,340.73,0,0,0,0,3.2826e+05,9.5869e+05,4.009e-06,0.077096,46.034,0,6.9883e+07,73471,15.009,0.74946,2.5311e-06,-1.9618e-06,1.5126e+06,-16.859,-21.763,-4.6465e-13,0.46533,2.73
0.021674,0.024581,-0.003,0.021674,0.024581,-0.003,0.69045,0.021675,0.024582,-0.003,238.35,340.84,0,0,0,0,3.5482e+05,8.6819e+05,7.3761e-07,0.072867,49.895,0,6.9732e+07,73670,15.009,0.75124,-1.5101e-06,1.1763e-06,1.8027e+06,-20.133,-25.908,1.6513e-13,0.46826,2.7232
0.0218,0.024741,-0.003,0.0218,0.024741,-0.003,0.68784,0.0218,0.024741,-0.003,229.03,340.94,0,0,0,0,2.9551e+05,7.4962e+05,3.7759e-07,0.069514,53.418,0,6.9613e+07,73840,15.009,0.75275,9.9465e-07,-7.7719e-07,2.1012e+06,-23.497,-30.173,-7.6809e-14,0.47116,2.7314
0.021925,0.024899,-0.003,0.021925,0.024899,-0.003,0.68565,0.021925,0.0249,-0.003,220.43,341.02,0,0,0,0,2.9198e+05,6.2566e+05,5.6544e-06,0.066574,56.03,0,6.9509e+07,73982,15.009,0.75404,3.3332e-06,-2.603e-06,2.3889e+06,-26.756,-34.271,-2.7637e-13,0.47404,2.7458
0.022048,0.025056,-0.003,0.022048,0.025056,-0.003,0.68374,0.022048,0.025056,-0.003,212.49,341.07,0,0,0,0,3.2892e+05,4.467e+05,8.6908e-06,0.063992,57.408,0,6.9413e+07,74106,15.009,0.7552,1.6913e-06,-1.3225e-06,2.5994e+06,-29.172,-37.245,-1.0234e-13,0.47689,2.7468
0.02217,0.025212,-0.003,0.02217,0.025212,-0.003,0.68231,0.022171,0.025212,-0.003,205.15,341.12,0,0,0,0,3.3988e+05,3.5861e+05,-6.0721e-06,0.062022,58.501,0,6.9341e+07,74198,15.009,0.75605,7.8697e-08,-6.007e-08,2.6899e+06,-30.232,-38.512,-2.1637e-14,0.47971,2.7207
0.022292,0.025367,-0.003,0.022292,0.025367,-0.003,0.68069,0.022292,0.025367,-0.003,198.28,341.18,0,0,0,0,2.2997e+05,6.1014e+05,6.2986e-06,0.060884,61.866,0,6.9259e+07,74303,15.009,0.75694,6.8825e-07,-5.4389e-07,2.8359e+06,-31.855,-40.616,-1.1488e-13,0.48252,2.7387
0.022414,0.02552,-0.003,0.022414,0.02552,-0.003,0.67837,0.022414,0.02552,-0.003,191.61,341.22,0,0,0,0,-43479,6.7707e+05,1.3883e-05,0.059438,66.533,0,6.9157e+07,74454,15.009,0.75834,-2.3721e-06,1.872e-06,3.4231e+06,-38.327,-49.088,1.9153e-13,0.48532,2.9303
0.022534,0.025674,-0.003,0.022534,0.025674,-0.003,0.67778,0.022535,0.025673,-0.003,185.22,341.16,0,0,0,0,3.0569e+05,-1.3128e+05,-7.9367e-06,0.055369,63.642,0,6.9142e+07,74492,15.009,0.75897,-2.3069e-06,1.858e-06,3.9672e+06,-44.089,-57.112,4.4391e-13,0.4881,3.0507
0.022651,0.025829,-0.003,0.022651,0.025829,-0.003,0.67858,0.022652,0.025828,-0.003,180.17,341.08,0,0,0,0,1.702e+06,-4.9261e+05,1.1222e-07,0.05201,52.404,0,6.9144e+07,74440,15.009,0.75882,-2.3404e-06,1.7183e-06,3.0544e+06,-33.938,-43.98,-1.2178e-12,0.49087,2.5087
0.022766,0.025984,-0.003,0.022766,0.025984,-0.003,0.67418,0.022765,0.025986,-0.003,175.89,341.24,0,0,0,0,1.2727e+06,1.1131e+06,1.9621e-05,0.05747,50.713,0,6.8901e+07,74725,15.009,0.76122,-6.9197e-07,4.149e-07,1.6086e+06,-17.933,-23.187,-2.0003e-12,0.49363,1.7205
0.022886,0.026136,-0.003,0.022886,0.026136,-0.003,0.66783,0.022885,0.026137,-0.003,170.82,341.54,0,0,0,0,-1.2279e+06,1.8826e+06,1.4628e-05,0.063247,69.237,0,6.8708e+07,75135,15.009,0.76439,-1.4529e-06,1.3644e-06,2.18e+06,-24.48,-31.23,1.2986e-12,0.49639,2.0132
0.023009,0.026284,-0.003,0.023009,0.026284,-0.003,0.66945,0.023011,0.026283,-0.003,165.02,341.47,0,0,0,0,-1.8218e+06,-21594,1.8522e-05,0.059113,81.941,0,6.8896e+07,75030,15.009,0.76351,-6.1886e-06,5.0906e-06,4.5523e+06,-51.416,-64.827,1.8941e-12,0.49914,3.057
0.023129,0.026435,-0.003,0.023129,0.026435,-0.003,0.67563,0.023131,0.026434,-0.003,160.09,341.2,0,0,0,0,3.3309e+05,-7.8681e+05,1.0838e-05,0.051176,71.3,0,6.9114e+07,74631,15.009,0.76037,-2.9216e-06,2.2696e-06,5.2975e+06,-59.031,-76.053,-2.0122e-13,0.5019,3.2487
0.023245,0.02659,-0.003,0.023245,0.02659,-0.003,0.67293,0.023244,0.02659,-0.003,156.64,341.21,0,0,0,0,1.8688e+06,6.0561e+05,3.7208e-06,0.048908,56.139,0,6.8804e+07,74806,15.009,0.76222,-2.5388e-06,1.8962e-06,3.5734e+06,-39.365,-51.725,-3.9636e-13,0.50465,2.5338
0.023361,0.026745,-0.003,0.023361,0.026745,-0.003,0.66584,0.02336,0.026745,-0.003,153.18,341.43,0,0,0,0,7.068e+05,1.2381e+06,3.2481e-06,0.052568,53.208,0,6.8412e+07,75263,15.009,0.76622,-8.0755e-06,6.218e-06,2.579e+06,-28.589,-37.28,6.5593e-13,0.50741,2.1659
0.02348,0.026898,-0.003,0.02348,0.026898,-0.003,0.66387,0.023479,0.026898,-0.003,149.32,341.57,0,0,0,0,-3.8626e+05,7.903e+05,-1.9674e-07,0.054373,58.193,0,6.837e+07,75390,15.009,0.76708,-7.73e-06,5.987e-06,3.0425e+06,-33.879,-43.824,1.025e-12,0.51017,2.3649
0.0236,0.02705,-0.003,0.0236,0.02705,-0.003,0.6634,0.0236,0.02705,-0.003,145.57,341.58,0,0,0,0,-1.7116e+05,3.6151e+05,-5.8699e-06,0.053283,60.771,0,6.8346e+07,75420,15.009,0.76741,-2.0703e-06,1.6247e-06,3.6326e+06,-40.777,-52.043,1.9309e-13,0.51295,2.5807
0.023721,0.027204,-0.003,0.023721,0.027204,-0.003,0.663,0.023721,0.027204,-0.003,142.03,341.56,0,0,0,0,1.2407e+05,1.7705e+05,-1.6092e-05,0.051823,60.426,0,6.8303e+07,75446,15.009,0.76777,2.8852e-06,-2.2654e-06,3.9075e+06,-43.951,-55.904,6.7602e-14,0.51574,2.6593
0.023843,0.027358,-0.003,0.023843,0.027358,-0.003,0.66221,0.023843,0.027358,-0.003,138.71,341.56,0,0,0,0,2.3864e+05,1.5412e+05,-3.5046e-06,0.050863,59.308,0,6.8245e+07,75497,15.009,0.76829,6.0294e-06,-4.7334e-06,3.925e+06,-44.152,-56.155,-4.073e-14,0.51854,2.6503
0.023965,0.027513,-0.003,0.023965,0.027513,-0.003,0.66137,0.023965,0.027513,-0.003,135.54,341.59,0,0,0,0,1.7845e+05,1.6102e+05,6.7134e-06,0.05032,58.879,0,6.8202e+07,75551,15.009,0.76876,7.4375e-06,-5.8464e-06,3.9416e+06,-44.336,-56.398,-7.4718e-14,0.52136,2.6527
0.024088,0.02767,-0.003,0.024088,0.02767,-0.003,0.66073,0.024088,0.027669,-0.003,132.48,341.62,0,0,0,0,1.4861e+05,1.4765e+05,-2.945e-06,0.049814,58.668,0,6.817e+07,75592,15.009,0.76913,5.9633e-06,-4.6892e-06,4.0083e+06,-45.085,-57.351,-5.0311e-14,0.5242,2.6701
0.024212,0.027827,-0.003,0.024212,0.027827,-0.003,0.66009,0.024212,0.027827,-0.003,129.55,341.61,0,0,0,0,1.776e+05,97040,-1.4398e-05,0.049254,58.102,0,6.813e+07,75633,15.009,0.76957,4.0233e-07,-3.1572e-07,4.053e+06,-45.599,-57.982,-1.6776e-14,0.52706,2.6819
0.024337,0.027986,-0.003,0.024337,0.027986,-0.003,0.65962,0.024336,0.027986,-0.003,126.76,341.6,0,0,0,0,2.3265e+05,34260,-6.3911e-06,0.048724,57.231,0,6.8098e+07,75664,15.009,0.76992,-2.1169e-06,1.6647e-06,4.0016e+06,-45.057,-57.22,-3.8923e-14,0.52994,2.6714
0.024463,0.028147,-0.003,0.024463,0.028147,-0.003,0.65899,0.024463,0.028147,-0.003,124.09,341.64,0,0,0,0,1.5538e+05,2.5395e+05,6.2904e-06,0.048731,57.914,0,6.8064e+07,75704,15.009,0.77022,-7.2708e-06,5.7309e-06,3.9205e+06,-44.153,-56.063,2.0446e-13,0.53286,2.6576
0.024591,0.028309,-0.003,0.024591,0.028309,-0.003,0.65752,0.024591,0.028308,-0.003,121.41,341.68,0,0,0,0,-2.208e+05,4.2708e+05,-4.2719e-06,0.048939,61.179,0,6.8008e+07,75798,15.009,0.77101,-8.15e-06,6.4429e-06,4.3514e+06,-48.909,-62.269,4.3258e-13,0.5358,2.8032
0.02472,0.028473,-0.003,0.02472,0.028473,-0.003,0.65782,0.024721,0.028471,-0.003,118.7,341.59,0,0,0,0,1.5033e+05,-3.7915e+05,-1.4435e-08,0.046531,58.953,0,6.8038e+07,75779,15.009,0.77113,-9.696e-06,7.5214e-06,4.9354e+06,-55.097,-70.872,-9.6009e-13,0.53878,2.9788
0.024848,0.028641,-0.003,0.024848,0.028641,-0.003,0.65968,0.024849,0.02864,-0.003,116.55,341.46,0,0,0,0,1.8485e+06,-7.1343e+05,1.3358e-05,0.043798,47.744,0,6.8087e+07,75660,15.009,0.77043,-1.1001e-05,8.3549e-06,3.7643e+06,-41.954,-54.1,-2.6146e-12,0.5418,2.5152
0.024976,0.028813,-0.003,0.024976,0.028813,-0.003,0.65422,0.024973,0.028814,-0.003,114.88,341.65,0,0,0,0,1.307e+06,1.3909e+06,5.044e-06,0.0489,45.781,0,6.7798e+07,76010,15.009,0.77338,-3.3253e-06,2.462e-06,1.9373e+06,-21.548,-27.956,-1.8051e-12,0.54485,1.7564
0.025111,0.028983,-0.003,0.025111,0.028983,-0.003,0.6459,0.025109,0.028984,-0.003,112.52,341.94,0,0,0,0,-1.5956e+06,1.7461e+06,-1.1986e-06,0.054419,63.304,0,6.7526e+07,76543,15.009,0.77778,-2.4219e-06,2.0722e-06,2.9298e+06,-33.052,-41.823,8.0221e-13,0.54795,2.1217
0.025251,0.029154,-0.003,0.025251,0.029154,-0.003,0.65159,0.025253,0.029151,-0.003,109.65,341.74,0,0,0,0,-2.048e+06,-4.5739e+05,-5.0161e-06,0.050208,70.624,0,6.7884e+07,76179,15.009,0.77468,-3.8631e-06,3.1763e-06,5.6151e+06,-63.205,-80.133,1.0899e-12,0.5511,3.0849
0.025389,0.029331,-0.003,0.025389,0.029331,-0.003,0.65847,0.025389,0.029329,-0.003,107.56,341.5,0,0,0,0,8.3991e+05,-4.6313e+05,-4.8773e-06,0.044209,56.21,0,6.8073e+07,75737,15.009,0.77107,1.6335e-06,-1.1805e-06,5.2582e+06,-58.514,-75.609,5.953e-13,0.5543,2.9473
0.025525,0.029514,-0.003,0.025525,0.029514,-0.003,0.65099,0.025523,0.029514,-0.003,106.03,341.67,0,0,0,0,1.7052e+06,9.6666e+05,1.6326e-06,0.045131,45.383,0,6.758e+07,76217,15.009,0.77548,2.2692e-06,-1.6708e-06,3.1295e+06,-34.651,-45.206,6.3875e-13,0.55756,2.2492
0.025667,0.029698,-0.003,0.025667,0.029698,-0.003,0.64506,0.025666,0.029698,-0.003,104.22,341.88,0,0,0,0,-45530,9.1756e+05,-9.1479e-07,0.048386,46.625,0,6.7308e+07,76597,15.009,0.7787,-4.3511e-06,3.4198e-06,2.9134e+06,-32.478,-41.953,-4.4058e-13,0.56088,2.1941
0.025814,0.029885,-0.003,0.025814,0.029885,-0.003,0.64562,0.025813,0.029884,-0.003,102.25,341.9,0,0,0,0,-3.5828e+05,2.1481e+05,-7.1072e-08,0.048436,50.333,0,6.7353e+07,76560,15.009,0.77828,-4.1397e-07,3.1991e-07,3.622e+06,-40.636,-51.909,-3.0681e-13,0.56426,2.477
0.025964,0.030075,-0.003,0.025964,0.030075,-0.003,0.64557,0.025963,0.030074,-0.003,100.36,341.86,0,0,0,0,67165,1.2801e+05,4.3316e-06,0.047491,50.555,0,6.7323e+07,76564,15.009,0.77847,1.0645e-05,-8.3628e-06,3.9186e+06,-44.098,-56.051,1.3281e-13,0.56772,2.5784
0.026117,0.030269,-0.003,0.026117,0.030269,-0.003,0.64462,0.026116,0.030268,-0.003,98.608,341.87,0,0,0,0,1.3598e+05,2.8262e+05,5.2785e-06,0.047232,50.684,0,6.7256e+07,76624,15.009,0.77905,6.8536e-06,-5.3756e-06,3.8814e+06,-43.685,-55.519,-7.2386e-15,0.57125,2.5821
0.026274,0.030468,-0.003,0.026274,0.030468,-0.003,0.64311,0.026273,0.030467,-0.003,96.807,341.87,0,0,0,0,-1.1589e+05,5228,6.5613e-06,0.046703,51.189,0,6.7192e+07,76721,15.009,0.78001,5.3034e-06,-4.2017e-06,4.3295e+06,-48.66,-61.962,-5.6072e-14,0.57487,2.7572
0.02644,0.030682,-0.003,0.02644,0.030682,-0.003,0.64567,0.026434,0.03067,-0.003,95.093,341.77,0,0,0,0,4.3774e+05,-3.311e+05,7.9949e-06,0.044725,46.581,0,6.7317e+07,76557,15.009,0.77867,6.1905e-06,-4.8745e-06,4.2998e+06,-48.051,-61.724,9.4104e-14,0.57874,2.7583
0.026628,0.030928,-0.003,0.026628,0.030928,-0.003,0.64245,0.02662,0.03092,-0.003,93.551,341.86,0,0,0,0,7.2225e+05,6.9036e+05,3.9299e-06,0.046287,43.011,0,6.7111e+07,76763,15.009,0.78055,5.1409e-07,-3.8138e-07,3.0169e+06,-33.533,-43.482,1.1819e-13,0.58315,2.2896
0.026847,0.031209,-0.003,0.026847,0.031209,-0.003,0.63435,0.026838,0.031201,-0.003,91.45,341.99,0,0,0,0,-3.5466e+05,5.4134e+05,-2.4212e-06,0.048464,48.075,0,6.675e+07,77278,15.009,0.78534,-1.7462e-06,1.4049e-06,3.4278e+06,-38.532,-49.07,8.2462e-14,0.58824,2.398
0.02709,0.031517,-0.003,0.02709,0.031517,-0.003,0.64124,0.027093,0.031514,-0.003,89.344,341.86,0,0,0,0,-1.6486e+05,-2.1778e+05,-2.5099e-06,0.045663,46.811,0,6.715e+07,76840,15.009,0.78127,-2.2114e-06,1.7448e-06,4.4655e+06,-49.962,-64.059,-3.3837e-14,0.59383,2.7468
0.027336,0.031837,-0.003,0.027336,0.031837,-0.003,0.63826,0.027334,0.031839,-0.003,87.736,341.92,0,0,0,0,5.9694e+05,7.7009e+05,-3.6578e-07,0.045778,40.689,0,6.693e+07,77030,15.009,0.78313,2.02e-06,-1.6331e-06,3.4317e+06,-38.191,-49.417,-1.6574e-13,0.5996,2.4352
0.027584,0.032156,-0.003,0.027584,0.032156,-0.003,0.62881,0.027585,0.032156,-0.003,86.01,342.07,0,0,0,0,98861,6.8426e+05,7.0447e-06,0.047654,41.692,0,6.6423e+07,77630,15.009,0.78879,7.6322e-07,-6.1817e-07,3.0878e+06,-34.662,-44.251,8.4229e-15,0.60536,2.3643
0.027834,0.032473,-0.003,0.027834,0.032473,-0.003,0.6305,0.027834,0.032473,-0.003,84.382,342.05,0,0,0,0,52964,1.6886e+05,1.1498e-05,0.047434,43.2,0,6.6505e+07,77523,15.009,0.78778,-2.1653e-07,1.7509e-07,3.4342e+06,-38.637,-49.136,5.9126e-14,0.61113,2.4647
0.028085,0.03279,-0.003,0.028085,0.03279,-0.003,0.62667,0.028083,0.032792,-0.003,82.905,342.09,0,0,0,0,3203.6,4.3601e+05,4.1319e-06,0.047726,45.293,0,6.6304e+07,77765,15.009,0.79012,-1.7481e-06,1.4682e-06,3.4778e+06,-39.377,-49.566,3.0795e-13,0.61689,2.4261
0.028338,0.033105,-0.003,0.028338,0.033105,-0.003,0.62609,0.028339,0.033105,-0.003,81.515,342.03,0,0,0,0,-3.4566e+05,-61498,3.6921e-07,0.046044,45.722,0,6.6287e+07,77802,15.009,0.79062,-4.7353e-06,3.8219e-06,4.44e+06,-50.384,-63.165,2.6475e-13,0.62266,2.6751
0.028589,0.033422,-0.003,0.028589,0.033422,-0.003,0.63025,0.02859,0.033421,-0.003,80.53,341.93,0,0,0,0,4.5735e+05,-1.8449e+05,1.3806e-06,0.044277,40.087,0,6.6468e+07,77539,15.009,0.78827,-1.9656e-06,1.549e-06,4.1436e+06,-46.943,-59.016,-1.0136e-13,0.62843,2.5796
0.028839,0.033738,-0.003,0.028839,0.033738,-0.003,0.62439,0.028837,0.033741,-0.003,79.596,342.03,0,0,0,0,4.1358e+05,2.5576e+05,-3.4601e-06,0.045389,38.207,0,6.6185e+07,77909,15.009,0.79175,-1.1465e-06,9.0571e-07,3.2721e+06,-37.229,-46.487,-5.3214e-14,0.63419,2.3585
0.029092,0.034053,-0.003,0.029092,0.034053,-0.003,0.62432,0.029095,0.034051,-0.003,78.674,342.04,0,0,0,0,-1.1027e+05,32371,3.2922e-07,0.045412,38.777,0,6.6203e+07,77914,15.009,0.79176,1.3541e-06,-1.0428e-06,3.6305e+06,-41.306,-51.565,1.0025e-13,0.63996,2.4942
0.029345,0.034369,-0.003,0.029345,0.034369,-0.003,0.62496,0.029343,0.03437,-0.003,77.906,342.07,0,0,0,0,33495,4.0952e+05,3.5758e-06,0.045934,38.947,0,6.6198e+07,77874,15.009,0.7913,6.8261e-06,-5.4899e-06,3.3591e+06,-38.168,-47.764,-2.6649e-13,0.64572,2.3976
0.029599,0.034683,-0.003,0.029599,0.034683,-0.003,0.61989,0.029598,0.034683,-0.003,77.075,342.1,0,0,0,0,-3.6665e+05,2.335e+05,3.0904e-06,0.046295,41.871,0,6.5942e+07,78193,15.009,0.79443,5.7169e-06,-4.6443e-06,3.8891e+06,-44.508,-55.04,-3.7444e-13,0.65149,2.5452
0.029853,0.034997,-0.003,0.029853,0.034997,-0.003,0.62566,0.029855,0.034996,-0.003,76.496,341.97,0,0,0,0,1.073e+05,-3.6052e+05,-2.2764e-06,0.044051,39.401,0,6.623e+07,77829,15.009,0.79111,5.1144e-06,-4.0235e-06,4.3298e+06,-49.446,-61.338,3.9322e-13,0.65726,2.6664
0.030105,0.035313,-0.003,0.030105,0.035313,-0.003,0.62283,0.030103,0.035315,-0.003,76.068,342.03,0,0,0,0,5.0069e+05,3.8744e+05,-3.5847e-06,0.04447,35.914,0,6.6061e+07,78008,15.009,0.79278,2.6869e-06,-2.0368e-06,3.3429e+06,-38.103,-47.433,4.7049e-13,0.66303,2.3829
0.030358,0.035627,-0.003,0.030358,0.035627,-0.003,0.61766,0.030359,0.035627,-0.003,75.564,342.12,0,0,0,0,-85463,4.1666e+05,1.6144e-06,0.045494,37.219,0,6.5806e+07,78334,15.009,0.79582,-3.4599e-07,2.9453e-07,3.3849e+06,-38.77,-47.885,4.2586e-14,0.6688,2.4076
0.030613,0.035941,-0.003,0.030613,0.035941,-0.003,0.61929,0.030613,0.035941,-0.003,75.139,342.07,0,0,0,0,-67246,19715,2.5288e-06,0.044852,37.473,0,6.5871e+07,78231,15.009,0.79492,2.8359e-07,-2.2841e-07,3.7746e+06,-43.309,-53.329,-2.6514e-14,0.67456,2.5086
0.030868,0.036254,-0.003,0.030868,0.036254,-0.003,0.61809,0.030868,0.036254,-0.003,74.786,342.06,0,0,0,0,92374,82191,1.5219e-06,0.044699,36.812,0,6.5794e+07,78307,15.009,0.79572,-9.7929e-07,7.9419e-07,3.7192e+06,-42.809,-52.439,-2.3149e-14,0.68033,2.4653
0.031124,0.036567,-0.003,0.031124,0.036567,-0.003,0.61773,0.031124,0.036567,-0.003,74.481,342.06,0,0,0,0,26133,11602,3.0337e-06,0.044561,36.643,0,6.5779e+07,78329,15.009,0.79595,-1.0198e-06,8.3749e-07,3.7635e+06,-43.464,-52.948,-1.2154e-14,0.6861,2.4485
0.031381,0.036879,-0.003,0.031381,0.036879,-0.003,0.61774,0.031381,0.036879,-0.003,74.226,342.07,0,0,0,0,-63864,-23113,4.8817e-06,0.044682,37.084,0,6.5781e+07,78329,15.009,0.79591,-1.0836e-06,8.8569e-07,3.725e+06,-43.245,-52.224,5.4439e-15,0.69187,2.4156
0.03164,0.037189,-0.003,0.03164,0.037189,-0.003,0.61845,0.03164,0.037189,-0.003,73.961,342.09,0,0,0,0,-2.1779e+05,-81236,-1.6163e-07,0.044648,38.655,0,6.5827e+07,78284,15.009,0.79541,1.3639e-06,-1.1476e-06,3.8348e+06,-44.783,-53.54,-2.667e-14,0.69764,2.4601
0.0319,0.037498,-0.003,0.0319,0.037498,-0.003,0.62032,0.0319,0.037498,-0.003,73.787,342.02,0,0,0,0,-2.3368e+05,-2.41e+05,-2.9449e-06,0.043506,39.418,0,6.5922e+07,78166,15.009,0.79437,1.1567e-06,-9.7277e-07,4.3247e+06,-50.558,-60.316,-5.0611e-14,0.70341,2.632
0.032159,0.037808,-0.003,0.032159,0.037808,-0.003,0.62279,0.03216,0.037807,-0.003,73.798,341.93,0,0,0,0,-80890,-1.8343e+05,-4.7073e-06,0.042248,37.766,0,6.6026e+07,78011,15.009,0.793,4.3567e-06,-3.567e-06,4.4647e+06,-51.889,-62.512,5.7791e-14,0.70918,2.6682
0.032416,0.03812,-0.003,0.032416,0.03812,-0.003,0.62286,0.032416,0.03812,-0.003,73.902,341.88,0,0,0,0,1.4679e+05,-74556,3.6176e-08,0.041494,34.992,0,6.6001e+07,78006,15.009,0.79311,1.7714e-06,-1.4477e-06,4.2766e+06,-49.349,-60.176,-1.3852e-14,0.71495,2.5969
0.032671,0.038434,-0.003,0.032671,0.038434,-0.003,0.62243,0.032672,0.038433,-0.003,74.072,341.86,0,0,0,0,4.0288e+05,14387,1.1676e-06,0.041409,32.127,0,6.5966e+07,78033,15.009,0.79344,-3.7733e-06,3.0724e-06,3.8548e+06,-44.292,-54.4,-1.6528e-13,0.72072,2.4463
0.032925,0.038748,-0.003,0.032925,0.038748,-0.003,0.61942,0.032924,0.038749,-0.003,74.135,341.95,0,0,0,0,2.4997e+05,4.4722e+05,-3.6126e-06,0.043159,31.766,0,6.5818e+07,78223,15.009,0.79512,-4.8443e-06,3.9611e-06,3.3055e+06,-37.997,-46.653,6.541e-14,0.72649,2.1981
0.033182,0.03906,-0.003,0.033182,0.03906,-0.003,0.61582,0.033181,0.039061,-0.003,74.036,342.03,0,0,0,0,-1.6613e+05,3.2595e+05,6.8528e-06,0.044663,34.472,0,6.5661e+07,78450,15.009,0.79721,-2.0862e-07,1.1874e-07,3.4566e+06,-40.138,-48.459,5.9095e-14,0.73226,2.2056
0.033441,0.03937,-0.003,0.033441,0.03937,-0.003,0.61753,0.033441,0.03937,-0.003,73.921,342.01,0,0,0,0,-2.2385e+05,-1.5522e+05,6.9081e-06,0.044217,36.42,0,6.576e+07,78342,15.009,0.79619,5.9311e-06,-4.9809e-06,3.8618e+06,-45.164,-53.86,-9.9136e-14,0.73803,2.3324
0.033701,0.039679,-0.003,0.033701,0.039679,-0.003,0.61926,0.033701,0.039679,-0.003,73.888,341.96,0,0,0,0,-1.2549e+05,-1.8995e+05,1.0491e-06,0.043426,36.787,0,6.584e+07,78233,15.009,0.7952,5.4487e-06,-4.5877e-06,4.0418e+06,-47.368,-56.281,-1.5583e-14,0.7438,2.3467
0.033961,0.039988,-0.003,0.033961,0.039988,-0.003,0.62046,0.033961,0.039988,-0.003,73.915,341.92,0,0,0,0,-82042,-1.58e+05,4.3364e-06,0.042872,36.526,0,6.5891e+07,78157,15.009,0.79453,-5.0021e-06,4.2119e-06,4.1013e+06,-48.082,-57.095,-3.9092e-16,0.74957,2.3217
0.034222,0.040297,-0.003,0.034222,0.040297,-0.003,0.6215,0.034222,0.040297,-0.003,74.004,341.88,0,0,0,0,-53271,-1.5601e+05,3.379e-07,0.042475,36.123,0,6.5938e+07,78092,15.009,0.79396,-2.9574e-06,2.4871e-06,4.104e+06,-48.126,-57.121,3.1575e-14,0.75534,2.2742
0.034482,0.040606,-0.003,0.034482,0.040606,-0.003,0.62242,0.034482,0.040606,-0.003,74.118,341.87,0,0,0,0,-44566,-85990,-6.2436e-07,0.042336,36.185,0,6.5979e+07,78033,15.009,0.79337,-3.1758e-07,2.5379e-07,4.0591e+06,-47.572,-56.521,1.094e-13,0.76111,2.1977
0.034742,0.040915,-0.003,0.034742,0.040915,-0.003,0.62265,0.034742,0.040915,-0.003,74.238,341.88,0,0,0,0,-2.6299e+05,-2.666e+05,-1.432e-06,0.041953,36.61,0,6.6007e+07,78019,15.009,0.7932,-3.5684e-06,2.9881e-06,4.4004e+06,-51.445,-61.364,3.7434e-14,0.76688,2.1648
0.035001,0.041226,-0.003,0.035001,0.041226,-0.003,0.62725,0.035003,0.041224,-0.003,74.55,341.77,0,0,0,0,29769,-2.7209e+05,-2.7048e-06,0.040221,34.044,0,6.6241e+07,77728,15.009,0.79053,2.9583e-06,-2.4503e-06,4.5995e+06,-53.287,-64.525,8.5706e-14,0.77265,2.0179
0.035256,0.041539,-0.003,0.035256,0.041539,-0.003,0.62527,0.035255,0.04154,-0.003,74.845,341.75,0,0,0,0,4.5227e+05,4.2305e+05,3.1242e-06,0.040912,30.55,0,6.6095e+07,77854,15.009,0.79187,1.7886e-06,-1.4498e-06,3.6081e+06,-41.632,-50.784,1.1379e-13,0.77842,1.5444
0.035513,0.041851,-0.003,0.035513,0.041851,-0.003,0.61933,0.035512,0.041851,-0.003,74.875,341.87,0,0,0,0,-32761,3.8056e+05,6.7434e-06,0.043451,32.143,0,6.5801e+07,78229,15.009,0.79536,1.2764e-06,-1.0654e-06,3.1283e+06,-36.445,-43.761,-3.2713e-14,0.78419,1.2998
0.035773,0.04216,-0.003,0.035773,0.04216,-0.003,0.62164,0.035773,0.04216,-0.003,74.855,341.88,0,0,0,0,-3.2676e+05,-97202,2.5232e-06,0.043681,35.656,0,6.5953e+07,78083,15.009,0.79383,-2.5239e-07,2.1025e-07,3.716e+06,-43.458,-51.824,1.1215e-14,0.78996,1.3329
0.036033,0.042469,-0.003,0.036033,0.042469,-0.003,0.62298,0.036033,0.042469,-0.003,74.876,341.85,0,0,0,0,-1.5425e+05,-1877.6,2.9199e-06,0.043165,37.356,0,6.6011e+07,77998,15.009,0.79307,-1.8678e-06,1.5679e-06,4.0619e+06,-47.55,-56.605,-6.5027e-14,0.79573,1.2042
0.036293,0.042778,-0.003,0.036293,0.042778,-0.003,0.62296,0.036293,0.042778,-0.003,74.972,341.79,0,0,0,0,-2.1618e+05,-2.4147e+05,1.4795e-06,0.042159,37.154,0,6.6007e+07,78000,15.009,0.79322,5.8976e-06,-4.9705e-06,4.5257e+06,-52.893,-63.127,-1.3255e-13,0.8015,1.0809
0.036552,0.043089,-0.003,0.036552,0.043089,-0.003,0.62724,0.036554,0.043087,-0.003,75.262,341.69,0,0,0,0,1.5342e+05,-3.3274e+05,-1.088e-06,0.040456,33.631,0,6.6217e+07,77729,15.009,0.79074,1.0502e-05,-8.7097e-06,4.4585e+06,-51.763,-62.466,2.5319e-13,0.80727,0.81134
0.036808,0.043401,-0.003,0.036808,0.043401,-0.003,0.62509,0.036806,0.043403,-0.003,75.489,341.75,0,0,0,0,3.9938e+05,3.6183e+05,7.0627e-06,0.041271,30.975,0,6.609e+07,77865,15.009,0.79199,2.7702e-06,-2.2037e-06,3.5329e+06,-40.892,-49.624,3.1832e-13,0.81304,0.51343
0.037066,0.043712,-0.003,0.037066,0.043712,-0.003,0.62031,0.037066,0.043712,-0.003,75.54,341.83,0,0,0,0,-70274,3.4008e+05,1.114e-06,0.042991,32.479,0,6.5856e+07,78167,15.009,0.7948,-3.2862e-06,2.7509e-06,3.4031e+06,-39.668,-47.582,7.0417e-14,0.81881,0.54096
0.037325,0.044022,-0.003,0.037325,0.044022,-0.003,0.62225,0.037325,0.044022,-0.003,75.571,341.8,0,0,0,0,-1.8073e+05,-96862,-2.943e-06,0.042884,34.294,0,6.5959e+07,78045,15.009,0.79365,-3.8892e-06,3.2596e-06,3.8268e+06,-44.728,-53.39,5.0881e-14,0.82458,0.72397
0.037585,0.044331,-0.003,0.037585,0.044331,-0.003,0.62279,0.037585,0.044332,-0.003,75.618,341.78,0,0,0,0,-74158,-59190,1.2207e-06,0.0427,34.991,0,6.598e+07,78011,15.009,0.79335,4.0042e-06,-3.3733e-06,3.9389e+06,-46.111,-54.893,-3.435e-14,0.83035,0.88976
0.037845,0.044641,-0.003,0.037845,0.044641,-0.003,0.62345,0.037845,0.044641,-0.003,75.679,341.75,0,0,0,0,-78425,-87624,-3.1931e-06,0.042467,35.309,0,6.6012e+07,77969,15.009,0.793,5.0799e-06,-4.2738e-06,4.0249e+06,-47.167,-56.05,-4.5856e-14,0.83612,0.99867
0.038106,0.04495,-0.003,0.038106,0.04495,-0.003,0.6243,0.038106,0.04495,-0.003,75.761,341.71,0,0,0,0,-66635,-1.0313e+05,-4.8695e-06,0.042189,35.279,0,6.6049e+07,77915,15.009,0.79254,-4.1923e-06,3.5306e-06,4.0848e+06,-47.886,-56.867,-4.8755e-15,0.84189,1.0654
0.038366,0.045259,-0.003,0.038366,0.045259,-0.003,0.62502,0.038366,0.045259,-0.003,75.861,341.69,0,0,0,0,-54870,-98195,-5.04e-06,0.041982,35.11,0,6.6081e+07,77870,15.009,0.79214,-3.0906e-06,2.6026e-06,4.1044e+06,-48.119,-57.137,-7.171e-16,0.84766,1.1012
0.038626,0.045568,-0.003,0.038626,0.045568,-0.003,0.62572,0.038626,0.045568,-0.003,75.974,341.66,0,0,0,0,-53880,-97142,1.495e-06,0.04183,34.944,0,6.6113e+07,77825,15.009,0.79175,-2.5998e-06,2.1891e-06,4.1146e+06,-48.24,-57.279,2.1086e-15,0.85343,1.119
0.038886,0.045877,-0.003,0.038886,0.045877,-0.003,0.62641,0.038886,0.045877,-0.003,76.094,341.64,0,0,0,0,-54345,-95803,6.2764e-06,0.041715,34.826,0,6.6145e+07,77782,15.009,0.79136,-2.2701e-06,1.9115e-06,4.1221e+06,-48.328,-57.382,8.6148e-16,0.8592,1.1335
0.039147,0.046186,-0.003,0.039147,0.046186,-0.003,0.6271,0.039147,0.046186,-0.003,76.217,341.62,0,0,0,0,-55215,-95240,9.9556e-06,0.041626,34.757,0,6.6177e+07,77738,15.009,0.79096,-4.0396e-06,3.4017e-06,4.1292e+06,-48.411,-57.48,2.1794e-16,0.86497,1.1374
0.039407,0.046495,-0.003,0.039407,0.046495,-0.003,0.6278,0.039407,0.046495,-0.003,76.342,341.6,0,0,0,0,-56738,-95688,4.6719e-06,0.041554,34.732,0,6.621e+07,77694,15.009,0.79056,-8.028e-07,6.7521e-07,4.1371e+06,-48.504,-57.591,1.9887e-14,0.87074,1.1395
0.039667,0.046804,-0.003,0.039667,0.046804,-0.003,0.6285,0.039667,0.046804,-0.003,76.466,341.58,0,0,0,0,-58816,-97051,-2.2014e-06,0.041493,34.743,0,6.6244e+07,77649,15.009,0.79016,5.9884e-07,-5.0478e-07,4.1465e+06,-48.614,-57.722,1.0875e-14,0.87651,1.2019
0.039928,0.047113,-0.003,0.039928,0.047113,-0.003,0.62923,0.039928,0.047113,-0.003,76.59,341.56,0,0,0,0,-61504,-99282,-4.9652e-06,0.041436,34.78,0,6.6279e+07,77603,15.009,0.78974,-2.6939e-06,2.2687e-06,4.1575e+06,-48.743,-57.876,-4.5986e-15,0.88228,1.2917
0.040188,0.047422,-0.003,0.040188,0.047422,-0.003,0.62998,0.040188,0.047422,-0.003,76.713,341.53,0,0,0,0,-64722,-1.0219e+05,-2.5709e-06,0.041381,34.835,0,6.6316e+07,77556,15.009,0.78931,-1.0511e-05,8.8522e-06,4.1702e+06,-48.891,-58.052,-1.3541e-14,0.88805,1.2982
0.040448,0.047731,-0.003,0.040448,0.047731,-0.003,0.63076,0.040448,0.047731,-0.003,76.834,341.51,0,0,0,0,-68340,-1.0576e+05,5.2651e-06,0.041326,34.904,0,6.6354e+07,77506,15.009,0.78885,-1.3559e-05,1.1418e-05,4.1842e+06,-49.055,-58.248,-1.8166e-15,0.89382,1.223
0.040708,0.048041,-0.003,0.040708,0.048041,-0.003,0.63157,0.040708,0.048041,-0.003,76.954,341.49,0,0,0,0,-72564,-1.1e+05,5.035e-06,0.041269,34.983,0,6.6394e+07,77455,15.009,0.78838,-7.866e-06,6.6217e-06,4.2e+06,-49.24,-58.468,2.856e-14,0.89959,1.1094
0.040969,0.04835,-0.003,0.040969,0.04835,-0.003,0.63242,0.040969,0.04835,-0.003,77.073,341.47,0,0,0,0,-77629,-1.1477e+05,6.9671e-06,0.041208,35.071,0,6.6436e+07,77401,15.009,0.78788,-7.7183e-06,6.4978e-06,4.2175e+06,-49.445,-58.713,2.2419e-14,0.90536,0.95837
0.041229,0.048659,-0.003,0.041229,0.048659,-0.003,0.63332,0.041229,0.048659,-0.003,77.191,341.44,0,0,0,0,-83606,-1.2019e+05,5.8796e-06,0.041143,35.17,0,6.6481e+07,77344,15.009,0.78736,-3.2131e-06,2.705e-06,4.237e+06,-49.672,-58.985,8.6862e-15,0.91113,0.76102
0.041489,0.048968,-0.003,0.041489,0.048968,-0.003,0.63428,0.041489,0.048968,-0.003,77.309,341.42,0,0,0,0,-90618,-1.2651e+05,-4.3488e-06,0.041073,35.28,0,6.6528e+07,77283,15.009,0.7868,3.7383e-06,-3.1488e-06,4.2588e+06,-49.927,-59.289,1.1818e-14,0.9169,0.4905
0.041749,0.049277,-0.003,0.041749,0.049277,-0.003,0.6353,0.041749,0.049277,-0.003,77.427,341.39,0,0,0,0,-98859,-1.34e+05,-2.9676e-07,0.040997,35.401,0,6.6579e+07,77218,15.009,0.7862,-6.2124e-06,5.2289e-06,4.2833e+06,-50.213,-59.63,3.3547e-14,0.92267,0.44398
0.04201,0.049586,-0.003,0.04201,0.049586,-0.003,0.63639,0.04201,0.049586,-0.003,77.548,341.36,0,0,0,0,-1.114e+05,-1.4047e+05,7.8628e-06,0.040913,35.535,0,6.6634e+07,77149,15.009,0.78556,-1.2117e-05,1.0201e-05,4.311e+06,-50.537,-60.017,3.6992e-14,0.92844,0.69254
0.04227,0.049895,-0.003,0.04227,0.049895,-0.003,0.63757,0.04227,0.049895,-0.003,77.67,341.33,0,0,0,0,-1.2238e+05,-1.5122e+05,2.9643e-06,0.04082,35.683,0,6.6694e+07,77074,15.009,0.78486,2.3702e-06,-1.9963e-06,4.3426e+06,-50.906,-60.458,5.3636e-15,0.93421,0.93606
0.04253,0.050204,-0.003,0.04253,0.050204,-0.003,0.63886,0.04253,0.050204,-0.003,77.797,341.3,0,0,0,0,-1.3318e+05,-1.666e+05,1.2938e-06,0.040715,35.848,0,6.676e+07,76992,15.009,0.78409,1.2154e-06,-1.024e-06,4.3788e+06,-51.329,-60.963,7.6688e-15,0.93998,1.1362
0.04279,0.050513,-0.003,0.04279,0.050513,-0.003,0.64028,0.04279,0.050513,-0.003,77.93,341.28,0,0,0,0,-1.4933e+05,-1.8184e+05,-4.6715e-06,0.040596,36.032,0,6.6833e+07,76901,15.009,0.78323,-3.4389e-06,2.895e-06,4.4203e+06,-51.814,-61.542,1.1344e-14,0.94575,1.3139
0.043051,0.050822,-0.003,0.043051,0.050822,-0.003,0.64184,0.043051,0.050822,-0.003,78.07,341.24,0,0,0,0,-1.6714e+05,-1.9866e+05,5.2092e-07,0.040463,36.242,0,6.6915e+07,76802,15.009,0.78229,-1.3793e-06,1.1618e-06,4.4682e+06,-52.373,-62.21,-4.9602e-15,0.95152,1.4772
0.043308,0.051128,-0.003,0.043308,0.051128,-0.003,0.64354,0.043311,0.051131,-0.003,78.214,341.21,0,0,0,0,-1.8835e+05,-2.1934e+05,2.4271e-06,0.040315,36.494,0,6.7004e+07,76693,15.009,0.78125,2.685e-06,-2.2608e-06,4.5247e+06,-53.032,-62.999,-3.1756e-15,0.95722,1.6289
0.043553,0.051418,-0.003,0.043553,0.051418,-0.003,0.64536,0.043558,0.051425,-0.003,78.362,341.17,0,0,0,0,-2.1387e+05,-2.5451e+05,-5.5374e-08,0.040143,36.762,0,6.71e+07,76577,15.009,0.78016,-4.2431e-06,3.5698e-06,4.5893e+06,-53.789,-63.9,4.2471e-14,0.96265,1.767
0.043775,0.051683,-0.003,0.043775,0.051683,-0.003,0.64728,0.043783,0.051692,-0.003,78.512,341.14,0,0,0,0,-2.4061e+05,-2.6332e+05,-3.1135e-06,0.039982,37.109,0,6.7201e+07,76454,15.009,0.77898,-9.5423e-06,8.0289e-06,4.6479e+06,-54.469,-64.722,7.9449e-14,0.96758,1.8847
0.043969,0.051913,-0.003,0.043969,0.051913,-0.003,0.64894,0.043976,0.051921,-0.003,78.658,341.11,0,0,0,0,-2.9939e+05,-2.2453e+05,-1.6095e-05,0.039884,37.754,0,6.7288e+07,76348,15.009,0.77797,-1.0983e-05,9.2485e-06,4.7661e+06,-55.843,-66.378,1.9549e-13,0.97189,1.9916
0.044136,0.052111,-0.003,0.044136,0.052111,-0.003,0.65046,0.044142,0.052118,-0.003,78.801,341.04,0,0,0,0,-3.1734e+05,-3.8298e+05,-2.1479e-05,0.039567,37.934,0,6.7368e+07,76251,15.009,0.77714,-7.323e-06,6.1695e-06,4.9704e+06,-58.217,-69.228,1.8941e-13,0.97558,2.0969
0.044278,0.05228,-0.003,0.044278,0.05228,-0.003,0.65266,0.044284,0.052286,-0.003,78.953,340.97,0,0,0,0,-35817,-5.9596e+05,-9.6425e-06,0.038895,36.663,0,6.7488e+07,76110,15.009,0.77591,-1.2071e-05,1.0055e-05,4.8545e+06,-56.833,-67.64,-8.171e-13,0.97874,2.1374
0.0444,0.052426,-0.003,0.0444,0.052426,-0.003,0.65378,0.044404,0.052432,-0.003,79.07,340.95,0,0,0,0,-47145,-4.5557e+05,-9.3577e-06,0.03874,35.12,0,6.7543e+07,76038,15.009,0.77523,-1.9237e-05,1.6132e-05,4.38e+06,-51.493,-60.911,-1.1617e-12,0.98145,2.1238
0.044506,0.05255,-0.003,0.044506,0.05255,-0.003,0.65433,0.044509,0.052555,-0.003,79.148,341.02,0,0,0,0,-1.6389e+06,35553,-1.8714e-05,0.040218,38.521,0,6.7614e+07,76003,15.009,0.77451,-3.3993e-07,1.6484e-07,4.2572e+06,-50.585,-58.858,-2.3509e-12,0.98378,2.1268
0.044599,0.052655,-0.003,0.044599,0.052655,-0.003,0.65742,0.044601,0.052659,-0.003,79.145,341.04,0,0,0,0,-3.7323e+06,-1.3648e+05,5.7723e-06,0.042488,48.796,0,6.7854e+07,75805,15.009,0.77221,2.0885e-05,-1.8831e-05,5.3709e+06,-64.821,-73.269,-7.5771e-12,0.98577,2.3326
0.04468,0.052743,-0.003,0.04468,0.052743,-0.003,0.66426,0.044683,0.052745,-0.003,79.168,340.74,0,0,0,0,-3.4935e+06,-2.8672e+06,0.00010542,0.042268,55.69,0,6.8207e+07,75365,15.009,0.76862,-6.1192e-05,5.5294e-05,7.421e+06,-90.239,-100.24,-2.186e-12,0.98748,2.7339
0.044748,0.052819,-0.003,0.044748,0.052819,-0.003,0.67425,0.044752,0.052821,-0.003,79.303,340.36,0,0,0,0,1.3314e+05,-6.2825e+06,2.404e-05,0.038274,53.015,0,6.8632e+07,74720,15.009,0.76355,-5.4153e-05,5.0142e-05,7.9944e+06,-96.056,-108.63,1.3543e-11,0.98894,2.9062
0.044805,0.052887,-0.003,0.044805,0.052887,-0.003,0.68067,0.044807,0.052888,-0.003,79.463,340.17,0,0,0,0,4.4184e+06,-5.8699e+06,-8.8781e-05,0.033676,45.587,0,6.8824e+07,74305,15.009,0.76008,4.6816e-05,-3.8585e-05,6.5926e+06,-76.763,-91.423,2.4735e-11,0.9902,2.7795
0.04485,0.052947,-0.003,0.04485,0.052947,-0.003,0.68037,0.044852,0.052948,-0.003,79.639,340.1,0,0,0,0,7.0652e+06,-3.5998e+06,-5.5611e-05,0.030591,37.338,0,6.8717e+07,74324,15.009,0.76035,4.4197e-05,-3.4064e-05,4.8369e+06,-53.992,-68.82,2.9245e-11,0.99128,2.5765
0.044887,0.053,-0.003,0.044887,0.053,-0.003,0.67822,0.044889,0.053001,-0.003,79.776,340.04,0,0,0,0,9.3642e+06,-2.1253e+06,-9.7021e-05,0.028239,29.606,0,6.8535e+07,74463,15.009,0.76192,1.3994e-05,-1.0511e-05,3.2669e+06,-34.996,-47.508,5.2607e-12,0.9922,2.3254
0.044916,0.053047,-0.003,0.044916,0.053047,-0.003,0.6747,0.044917,0.053049,-0.003,79.873,339.88,0,0,0,0,1.0883e+07,-4.507e+05,0.00017112,0.026387,22.434,0,6.8199e+07,74691,15.009,0.76465,-1.5981e-05,1.1059e-05,1.7642e+06,-18.975,-25.683,-3.6891e-11,0.99298,1.9981
0.044938,0.053089,-0.003,0.044938,0.053089,-0.003,0.67045,0.044939,0.053091,-0.003,79.561,339.73,0,0,0,0,1.015e+07,4.1063e+05,0.00032301,0.02684,15.973,0,6.7841e+07,74966,15.009,0.76776,-9.8133e-06,7.011e-06,4.6274e+05,-6.6932,-5.861,-3.003e-11,0.99364,1.5896
0.044955,0.053126,-0.003,0.044955,0.053126,-0.003,0.66754,0.044956,0.053128,-0.003,76.91,339.92,0,0,0,0,8.7269e+06,63746,9.65e-05,0.034112,11.269,0,6.7684e+07,75153,15.009,0.76913,1.2531e-06,-6.6226e-07,-3.3584e+05,0.087299,6.6671,2.3326e-12,0.9942,1.1164
0.044968,0.053159,-0.003,0.044968,0.053159,-0.003,0.66553,0.044968,0.05316,-0.003,70.906,340.51,0,0,0,0,5.3414e+06,-3.4144e+05,1.9353e-05,0.046771,8.4205,0,6.7689e+07,75283,15.009,0.76891,5.4808e-07,-4.9322e-07,-7.094e+05,3.0552,12.701,4.6688e-12,0.99468,0.54729
0.044977,0.053187,-0.003,0.044977,0.053187,-0.003,0.66431,0.044978,0.053188,-0.003,64.348,341.14,0,0,0,0,2.2532e+06,-2.0619e+05,-6.0404e-05,0.062018,6.737,0,6.7806e+07,75361,15.009,0.76783,-3.0372e-05,8.7053e-06,-8.6632e+05,4.6712,15.078,1.2026e-11,0.99508,0.39841
0.044985,0.053212,-0.003,0.044985,0.053212,-0.003,0.66356,0.044986,0.053213,-0.003,59.638,341.5,0,0,0,0,2.2196e+06,6.0999e+05,-1.2039e-05,0.075084,5.6534,0,6.7927e+07,75410,15.009,0.76725,-1.6186e-06,1.2538e-06,-9.5e+05,5.145,16.288,1.2065e-11,0.99542,0.65306
0.044991,0.053235,-0.003,0.044991,0.053235,-0.003,0.66307,0.044991,0.053235,-0.003,56.61,341.65,0,0,0,0,9.0883e+05,1.3178e+06,2.2203e-05,0.080952,4.6922,0,6.7965e+07,75442,15.009,0.76732,2.2203e-05,-6.5821e-06,-9.7069e+05,4.5989,16.76,1.1957e-11,0.99572,0.78595
0.044996,0.053256,-0.003,0.044996,0.053256,-0.003,0.66267,0.044996,0.053256,-0.003,54.591,341.76,0,0,0,0,-1.0487e+06,1.4261e+06,6.102e-06,0.085797,3.9519,0,6.8061e+07,75467,15.009,0.76736,-5.2076e-05,9.4341e-06,-9.5627e+05,4.0351,16.649,1.7485e-11,0.996,0.87883
0.045,0.053277,-0.003,0.045,0.053277,-0.003,0.66235,0.045,0.053277,-0.003,53.1,341.83,0,0,0,0,-1.5701e+06,1.4056e+06,5.3033e-05,0.090401,3.4321,0,6.8079e+07,75488,15.009,0.76744,-7.3297e-05,1.3032e-05,-9.3611e+05,3.4145,16.415,8.6442e-12,0.99627,0.95003
0.045004,0.053299,-0.003,0.045004,0.053299,-0.003,0.66207,0.045004,0.053299,-0.003,51.955,341.87,0,0,0,0,-1.4186e+06,1.1213e+06,3.4738e-05,0.09167,3.0826,0,6.7883e+07,75506,15.009,0.76757,-5.1856e-05,7.868e-06,-9.009e+05,2.7742,15.889,7.2526e-13,0.99654,0.99095
0.045007,0.05332,-0.003,0.045007,0.05332,-0.003,0.66192,0.045007,0.05332,-0.003,51.065,341.9,0,0,0,0,-1.1749e+06,6.9251e+05,0.00018158,0.091653,2.8568,0,6.7681e+07,75515,15.009,0.76763,-6.0106e-05,7.1481e-06,-8.5936e+05,2.0834,15.203,-3.2109e-12,0.9968,0.99741
0.045009,0.053342,-0.003,0.045009,0.053342,-0.003,0.66185,0.045009,0.053342,-0.003,50.381,341.93,0,0,0,0,-1.0536e+06,3.9972e+05,0.00029872,0.091008,2.7337,0,6.7537e+07,75520,15.009,0.76764,-6.6405e-05,5.0754e-06,-8.2116e+05,1.3178,14.533,5.5237e-12,0.99705,0.99174
0.04501,0.053364,-0.003,0.04501,0.053364,-0.003,0.66183,0.04501,0.053364,-0.003,49.858,341.97,0,0,0,0,-4.7338e+05,3.7693e+05,4.2832e-05,0.090563,2.7297,0,6.7709e+07,75521,15.009,0.7676,-3.141e-05,1.9112e-06,-8.0019e+05,0.42372,14.11,-1.4738e-11,0.9973,0.99679
0.04501,0.053385,-0.003,0.04501,0.053385,-0.003,0.66162,0.04501,0.053385,-0.003,49.447,342.01,0,0,0,0,-5.1578e+05,5.3623e+05,-0.0001482,0.091134,2.8227,0,6.7998e+07,75535,15.009,0.76762,1.464e-05,1.8736e-06,-7.9201e+05,-0.51165,13.95,-3.7549e-11,0.99754,0.99655
0.045008,0.053407,-0.003,0.045008,0.053407,-0.003,0.66138,0.045008,0.053407,-0.003,49.115,342.04,0,0,0,0,-7.4557e+05,1.3136e+05,-9.0344e-05,0.091759,2.9332,0,6.78e+07,75550,15.009,0.76771,9.5144e-06,2.8091e-07,-7.631e+05,-1.2591,13.537,-1.1035e-11,0.99776,0.98915
0.045006,0.053429,-0.003,0.045006,0.053429,-0.003,0.66163,0.045006,0.053429,-0.003,48.836,342.06,0,0,0,0,-13607,272.62,-3.2229e-05,0.092623,3.1242,0,6.8141e+07,75534,15.009,0.76758,-2.9834e-05,-3.9848e-06,-7.644e+05,-1.9082,13.44,1.9277e-12,0.99797,1.0107
0.045002,0.05345,-0.003,0.045002,0.05345,-0.003,0.66145,0.045003,0.05345,-0.003,48.584,342.11,0,0,0,0,-2.2221e+05,6.6092e+05,0.00010072,0.095036,3.4121,0,6.8716e+07,75545,15.009,0.76754,-2.419e-05,-2.1157e-06,-7.9111e+05,-2.7774,13.613,-2.0369e-11,0.99817,1.0566
0.044997,0.053471,-0.003,0.044997,0.053471,-0.003,0.66098,0.044997,0.053471,-0.003,48.359,342.15,0,0,0,0,-2.1925e+05,4.0258e+05,0.0001438,0.097876,3.6357,0,6.8101e+07,75576,15.009,0.76773,2.6962e-06,1.7518e-06,-7.5888e+05,-3.4836,13.025,-1.6392e-11,0.99835,1.1091
0.044991,0.053492,-0.003,0.044991,0.053492,-0.003,0.6612,0.044991,0.053492,-0.003,48.155,342.15,0,0,0,0,5.0337e+05,1.7727e+05,2.3996e-05,0.10081,3.8021,0,6.8214e+07,75562,15.009,0.76763,-6.3162e-06,-1.9995e-06,-7.4294e+05,-3.9905,12.591,6.5147e-15,0.99852,1.1905
0.044984,0.053512,-0.003,0.044984,0.053512,-0.003,0.66105,0.044984,0.053513,-0.003,47.956,342.19,0,0,0,0,2.7645e+05,9.84e+05,-6.5235e-05,0.10545,3.8662,0,6.8936e+07,75572,15.009,0.76764,-2.2593e-05,-9.6876e-06,-7.5122e+05,-4.7715,12.283,6.5142e-12,0.99868,1.2815
0.044975,0.053532,-0.003,0.044975,0.053532,-0.003,0.66055,0.044975,0.053532,-0.003,47.766,342.2,0,0,0,0,5.3504e+05,3.576e+05,-4.9315e-05,0.11178,3.7744,0,6.819e+07,75604,15.009,0.76791,-2.118e-05,-1.0563e-05,-7.0184e+05,-5.2577,11.322,4.4575e-12,0.99882,1.3431
0.044965,0.053552,-0.003,0.044965,0.053552,-0.003,0.66112,0.044965,0.053552,-0.003,47.586,342.21,0,0,0,0,9.8864e+05,6.3869e+05,-1.801e-05,0.11841,3.7545,0,6.8778e+07,75567,15.009,0.76761,1.4841e-05,6.5346e-06,-7.0445e+05,-5.7897,10.971,1.2029e-11,0.99894,1.3958
0.044954,0.05357,-0.003,0.044954,0.05357,-0.003,0.66049,0.044956,0.053571,-0.003,47.399,342.25,0,0,0,0,-4.0486e+05,1.6652e+06,-0.00014123,0.12723,3.711,0,6.9979e+07,75607,15.009,0.76786,3.5857e-05,1.9845e-05,-7.2823e+05,-6.8984,10.301,4.6669e-11,0.99905,1.3958
0.044941,0.053587,-0.003,0.044941,0.053587,-0.003,0.65957,0.044941,0.053587,-0.003,47.227,342.27,0,0,0,0,-5.0722e+05,5.4183e+05,-0.00011504,0.13896,3.4259,0,6.8551e+07,75666,15.009,0.76835,4.0888e-05,3.3994e-05,-6.3084e+05,-7.0475,8.3567,6.4413e-11,0.99911,1.2728
0.044926,0.053603,-0.003,0.044926,0.053603,-0.003,0.65991,0.044926,0.053603,-0.003,47.079,342.22,0,0,0,0,2.9012e+05,87875,7.2973e-05,0.14871,3.0654,0,6.7549e+07,75645,15.009,0.76829,3.0872e-05,2.7371e-05,-5.1579e+05,-6.3086,6.6681,3.4744e-11,0.99914,1.0696
0.04491,0.053618,-0.003,0.04491,0.053618,-0.003,0.65978,0.04491,0.053618,-0.003,46.934,342.19,0,0,0,0,-76589,2.7929e+05,-2.7709e-05,0.1578,2.7003,0,6.7838e+07,75653,15.009,0.76845,1.9627e-05,2.042e-05,-4.3738e+05,-5.6047,5.3587,3.6347e-11,0.99915,0.80265
0.044893,0.053632,-0.003,0.044893,0.053632,-0.003,0.6597,0.044893,0.053632,-0.003,46.791,342.15,0,0,0,0,-59465,59176,-8.4114e-05,0.16805,2.3086,0,6.7748e+07,75658,15.009,0.76857,1.6296e-05,1.7055e-05,-3.527e+05,-4.7136,4.1433,3.3557e-11,0.99915,0.48748
0.044876,0.053645,-0.003,0.044876,0.053645,-0.003,0.65969,0.044876,0.053645,-0.003,46.648,342.11,0,0,0,0,-1.29e+05,-45107,2.8072e-05,0.17798,1.9547,0,6.7667e+07,75659,15.009,0.76867,-9.0261e-06,-1.1013e-05,-2.7543e+05,-3.7962,3.1099,-2.3826e-11,0.99914,0.53965
0.044858,0.053657,-0.003,0.044858,0.053657,-0.003,0.65962,0.044858,0.053657,-0.003,46.507,342.06,0,0,0,0,-1.9631e+05,-1.8072e+05,-0.00011825,0.1905,1.6015,0,6.7608e+07,75664,15.009,0.7688,-6.4098e-06,-7.6403e-06,-2.0369e+05,-2.8763,2.1976,-1.5445e-11,0.9991,0.89834
0.044839,0.053668,-0.003,0.044839,0.053668,-0.003,0.65962,0.044839,0.053668,-0.003,46.368,342.01,0,0,0,0,-1.5676e+05,-2.7386e+05,-0.00011917,0.2058,1.2536,0,6.7636e+07,75664,15.009,0.76891,3.451e-06,4.5352e-06,-1.3794e+05,-1.9913,1.4582,1.3124e-11,0.99905,1.1643
0.04482,0.053678,-0.003,0.04482,0.053678,-0.003,0.65962,0.04482,0.053679,-0.003,46.231,341.96,0,0,0,0,-1.5016e+05,-2.6755e+05,6.9493e-05,0.22144,0.97628,0,6.7708e+07,75663,15.009,0.76902,2.4021e-06,3.2863e-06,-86349,-1.256,0.90819,1.1978e-11,0.99899,1.3646
0.0448,0.053688,-0.003,0.0448,0.053688,-0.003,0.65961,0.044801,0.053688,-0.003,46.097,341.92,0,0,0,0,-86569,-2.4118e+05,1.3165e-05,0.2356,0.7682,0,6.7497e+07,75664,15.009,0.76913,4.3822e-07,7.514e-07,-44698,-0.63304,0.50515,5.3075e-13,0.99891,1.4919
0.04478,0.053696,-0.003,0.04478,0.053696,-0.003,0.65965,0.04478,0.053696,-0.003,45.97,341.88,0,0,0,0,30001,-1.3115e+05,-1.3526e-05,0.24459,0.62687,0,6.7339e+07,75661,15.009,0.7692,-7.1755e-07,-8.653e-07,-13162,-0.15614,0.2261,-6.1815e-12,0.99881,1.5547
0.04476,0.053703,-0.003,0.04476,0.053703,-0.003,0.6597,0.04476,0.053703,-0.003,45.85,341.86,0,0,0,0,78145,-1.048e+05,-1.0254e-06,0.24587,0.56362,0,6.7358e+07,75658,15.009,0.76923,1.7772e-08,3.1883e-08,7244.5,0.15962,0.067357,1.1287e-13,0.9987,1.5791
0.044739,0.053708,-0.003,0.044739,0.053708,-0.003,0.65975,0.044739,0.053709,-0.003,45.744,341.85,0,0,0,0,63620,-1.2354e+05,-5.4049e-05,0.24186,0.55328,0,6.7239e+07,75655,15.009,0.76922,-7.3851e-09,-1.7314e-07,19377,0.35419,6.0583e-06,3.7287e-13,0.99857,1.5707
0.044717,0.053711,-0.003,0.044717,0.053711,-0.003,0.6598,0.044717,0.053712,-0.003,45.655,341.86,0,0,0,0,30893,-73238,-7.0665e-05,0.23832,0.55718,0,6.7162e+07,75652,15.009,0.76919,-2.2849e-08,-3.3161e-07,26497,0.46595,-0.015018,2.4531e-13,0.99841,1.5288
0.044696,0.053712,-0.003,0.044696,0.053712,-0.003,0.65982,0.044696,0.053713,-0.003,45.589,341.88,0,0,0,0,16398,-96477,-0.00018629,0.23705,0.56426,0,6.7199e+07,75650,15.009,0.76913,1.1625e-07,-1.15e-06,31531,0.54431,0.026084,7.9717e-13,0.99822,1.4557
0.044674,0.053711,-0.003,0.044674,0.053711,-0.003,0.65983,0.044674,0.053711,-0.003,45.547,341.91,0,0,0,0,43531,-1.359e+05,-0.00016543,0.23511,0.577,0,6.7283e+07,75650,15.009,0.76906,1.3949e-07,-1.0566e-06,37786,0.64424,0.10566,8.7502e-13,0.998,1.3762
0.044653,0.053707,-0.003,0.044653,0.053707,-0.003,0.65985,0.044653,0.053708,-0.003,45.527,341.93,0,0,0,0,99161,-1.9172e+05,4.5838e-05,0.22966,0.59616,0,6.752e+07,75649,15.009,0.769,-1.8445e-07,4.3976e-07,47179,0.79787,0.21668,-8.1571e-13,0.99776,1.3206
0.04463,0.053701,-0.003,0.04463,0.053701,-0.003,0.65988,0.044631,0.053701,-0.003,45.527,341.94,0,0,0,0,1.7832e+05,-2.0555e+05,0.00011132,0.22023,0.61144,0,6.7626e+07,75646,15.009,0.76896,-1.8316e-07,5.145e-07,59860,1.018,0.34336,-5.1602e-13,0.99748,1.2941
0.044605,0.053692,-0.003,0.044605,0.053692,-0.003,0.65996,0.044606,0.053693,-0.003,45.544,341.95,0,0,0,0,2.155e+05,-91398,6.3271e-05,0.2096,0.6161,0,6.7733e+07,75642,15.009,0.76889,-4.9901e-07,1.3676e-06,73664,1.2674,0.43207,-3.2193e-13,0.99717,1.3045
0.044577,0.053683,-0.003,0.044577,0.053683,-0.003,0.66005,0.044578,0.053683,-0.003,45.58,341.97,0,0,0,0,2.1419e+05,23354,2.3695e-05,0.20088,0.62597,0,6.7894e+07,75636,15.009,0.7688,-5.7538e-07,1.6035e-06,83351,1.44,0.47572,-2.3995e-13,0.9968,1.3495
0.044544,0.053671,-0.003,0.044544,0.053671,-0.003,0.66016,0.044545,0.053672,-0.003,45.642,341.99,0,0,0,0,1.9844e+05,67319,1.8501e-06,0.19398,0.66668,0,6.7877e+07,75629,15.009,0.76868,-5.7917e-08,1.7468e-07,86353,1.4903,0.49498,4.8084e-14,0.99637,1.4272
0.044505,0.053658,-0.003,0.044505,0.053658,-0.003,0.66028,0.044506,0.053659,-0.003,45.737,341.99,0,0,0,0,1.6814e+05,77610,-4.1038e-05,0.18756,0.75215,0,6.7872e+07,75621,15.009,0.76858,5.1761e-08,-1.6426e-07,85550,1.4747,0.48908,-7.2827e-14,0.99586,1.5268
0.04446,0.053642,-0.003,0.04446,0.053642,-0.003,0.66042,0.044461,0.053643,-0.003,45.862,342,0,0,0,0,1.5264e+05,1.1102e+05,-4.115e-05,0.18515,0.85493,0,6.7894e+07,75612,15.009,0.76848,1.8851e-07,-5.4631e-07,83912,1.4301,0.50537,-4.3295e-13,0.99527,1.5778
0.044408,0.053621,-0.003,0.044408,0.053621,-0.003,0.6606,0.044409,0.053622,-0.003,45.993,342.04,0,0,0,0,1.3919e+05,1.6112e+05,2.2553e-05,0.18819,0.96013,0,6.7861e+07,75600,15.009,0.76828,-1.2253e-08,2.1246e-09,80862,1.3517,0.5484,3.5305e-13,0.99456,1.5075
0.044349,0.053592,-0.003,0.044349,0.053592,-0.003,0.66081,0.044351,0.053594,-0.003,46.096,342.12,0,0,0,0,1.0164e+05,1.9799e+05,7.4749e-05,0.19353,1.0907,0,6.7843e+07,75587,15.009,0.76796,-1.5736e-07,4.0488e-07,70885,1.1641,0.53214,5.0033e-13,0.99371,1.1878
0.044282,0.053554,-0.003,0.044282,0.053554,-0.003,0.66102,0.044284,0.053557,-0.003,46.169,342.23,0,0,0,0,74399,2.1406e+05,5.3498e-05,0.19874,1.239,0,6.7894e+07,75574,15.009,0.76759,5.7277e-08,-9.2624e-08,53000,0.84913,0.43938,9.4502e-15,0.99268,1.0438
0.044208,0.053504,-0.003,0.044208,0.053504,-0.003,0.66125,0.04421,0.053508,-0.003,46.23,342.34,0,0,0,0,1.0332e+05,1.0839e+05,6.1106e-06,0.19894,1.4245,0,6.8048e+07,75559,15.009,0.76718,2.3353e-08,-2.5245e-08,38493,0.57404,0.38,1.3604e-13,0.99146,1.534
0.044127,0.053439,-0.003,0.044127,0.053439,-0.003,0.66136,0.044129,0.053444,-0.003,46.303,342.41,0,0,0,0,1.7181e+05,-29841,-6.8568e-06,0.20521,1.5484,0,6.8177e+07,75552,15.009,0.76692,5.3642e-08,-4.2808e-08,53650,0.70556,0.66895,1.5476e-13,0.99,1.9747
0.044035,0.053358,-0.003,0.044035,0.053358,-0.003,0.66166,0.044039,0.053361,-0.003,46.406,342.4,0,0,0,0,2.2304e+05,37561,5.0219e-06,0.20562,1.5493,0,6.8153e+07,75532,15.009,0.76679,-1.6946e-07,2.2246e-07,91200,1.2524,1.0968,3.58e-13,0.98827,1.686
0.043928,0.053264,-0.003,0.043928,0.053264,-0.003,0.66228,0.043934,0.053267,-0.003,46.552,342.34,0,0,0,0,2.2857e+05,1.6889e+05,7.7088e-07,0.19327,1.4906,0,6.8127e+07,75492,15.009,0.76652,-3.9223e-07,4.657e-07,1.2061e+05,1.7114,1.3837,1.1638e-13,0.98626,1.2445
0.043799,0.053159,-0.003,0.043799,0.053159,-0.003,0.663,0.043805,0.053162,-0.003,46.731,342.33,0,0,0,0,1.8716e+05,1.8438e+05,4.4846e-06,0.18578,1.4805,0,6.8189e+07,75446,15.009,0.76604,-9.4748e-08,1.1147e-07,1.2798e+05,1.824,1.45,-1.9379e-14,0.98392,1.521
0.043647,0.053037,-0.003,0.043647,0.053037,-0.003,0.66368,0.043653,0.053043,-0.003,46.928,342.4,0,0,0,0,1.3994e+05,1.4328e+05,2.3163e-06,0.18518,1.5625,0,6.827e+07,75402,15.009,0.76547,3.9254e-08,-5.4672e-08,1.188e+05,1.6939,1.3417,-3.3177e-14,0.98119,2.1152
0.043473,0.052891,-0.003,0.043473,0.052891,-0.003,0.66429,0.043479,0.052898,-0.003,47.159,342.45,0,0,0,0,1.6779e+05,1.3664e+05,-1.0022e-07,0.18699,1.6247,0,6.8284e+07,75363,15.009,0.76494,-4.9055e-08,5.8077e-08,1.2003e+05,1.6787,1.3968,3.6838e-15,0.97799,2.0961
0.043268,0.052721,-0.003,0.043268,0.052721,-0.003,0.66538,0.043279,0.052726,-0.003,47.45,342.47,0,0,0,0,2.006e+05,1.7002e+05,1.3868e-06,0.18351,1.6348,0,6.8327e+07,75293,15.009,0.76419,-7.3145e-08,9.0731e-08,1.2895e+05,1.8245,1.4782,1.8386e-14,0.97425,1.7811
0.043031,0.052529,-0.003,0.043031,0.052529,-0.003,0.66663,0.043037,0.052534,-0.003,47.814,342.5,0,0,0,0,1.6542e+05,1.8206e+05,-1.5697e-06,0.17916,1.6757,0,6.8422e+07,75212,15.009,0.76329,-1.2442e-07,1.6284e-07,1.2405e+05,1.7819,1.3881,7.6646e-14,0.96997,1.9215
0.042768,0.052319,-0.003,0.042768,0.052319,-0.003,0.66778,0.042772,0.052322,-0.003,48.219,342.58,0,0,0,0,1.5449e+05,1.9851e+05,2.8779e-06,0.17812,1.7841,0,6.8484e+07,75138,15.009,0.76238,-1.3891e-07,1.8405e-07,1.0945e+05,1.5745,1.2205,1.1772e-13,0.96526,2.1881
0.042492,0.052099,-0.003,0.042492,0.052099,-0.003,0.66926,0.042493,0.052098,-0.003,48.633,342.67,0,0,0,0,1.7196e+05,2.3709e+05,8.2079e-06,0.17894,1.9137,0,6.8569e+07,75042,15.009,0.7612,-5.3539e-08,7.4425e-08,92729,1.3402,1.0264,8.8247e-14,0.96032,2.4374
0.042214,0.051875,-0.003,0.042214,0.051875,-0.003,0.67089,0.042213,0.051876,-0.003,49.045,342.78,0,0,0,0,1.6945e+05,2.1054e+05,-1.2013e-06,0.17272,2.1409,0,6.8715e+07,74937,15.009,0.75989,-2.8579e-08,3.5629e-08,69593,1.0059,0.76944,9.2864e-15,0.95531,2.8071
0.041937,0.051648,-0.003,0.041937,0.051648,-0.003,0.67217,0.041936,0.051649,-0.003,49.471,342.86,0,0,0,0,2.178e+05,1.6667e+05,-3.8717e-07,0.18352,2.0741,0,6.8826e+07,74855,15.009,0.75886,-2.5839e-08,3.0171e-08,68326,0.96224,0.78729,-1.7313e-14,0.95029,2.6893
0.041662,0.05142,-0.003,0.041662,0.05142,-0.003,0.67392,0.041663,0.051418,-0.003,49.942,342.9,0,0,0,0,2.3041e+05,2.3124e+05,3.8304e-06,0.18742,2.0882,0,6.8932e+07,74742,15.009,0.75764,6.6193e-09,-9.1732e-09,84189,1.1975,0.95696,-1.3262e-14,0.94526,2.3217
0.041384,0.051195,-0.003,0.041384,0.051195,-0.003,0.67577,0.041383,0.051196,-0.003,50.438,342.96,0,0,0,0,1.7009e+05,2.7257e+05,-3.5567e-06,0.16054,2.5899,0,6.9055e+07,74622,15.009,0.7563,1.8001e-08,-2.2507e-08,71939,1.0468,0.78821,1.1467e-16,0.94025,2.4051
0.041104,0.050972,-0.003,0.041104,0.050972,-0.003,0.67728,0.041104,0.050972,-0.003,50.902,343.05,0,0,0,0,1.7204e+05,2.6107e+05,2.7403e-06,0.14583,2.8596,0,6.9148e+07,74524,15.009,0.75512,-4.7326e-08,5.7429e-08,46093,0.67743,0.49599,-1.9111e-14,0.93524,2.5523
0.040825,0.050749,-0.003,0.040825,0.050749,-0.003,0.67906,0.040825,0.050749,-0.003,51.342,343.14,0,0,0,0,2.0862e+05,3.015e+05,7.5973e-06,0.1392,2.9949,0,6.9254e+07,74409,15.009,0.75375,-6.8975e-09,7.4941e-09,23071,0.35308,0.23079,-1.011e-14,0.93023,2.5741
0.040545,0.050526,-0.003,0.040545,0.050526,-0.003,0.68116,0.040545,0.050526,-0.003,51.759,343.24,0,0,0,0,2.359e+05,2.8593e+05,4.5785e-06,0.12733,3.4461,0,6.9412e+07,74273,15.009,0.75216,1.5818e-07,-1.9347e-07,-29141,-0.38577,-0.36653,5.3135e-14,0.92522,2.7715
0.040267,0.050301,-0.003,0.040267,0.050301,-0.003,0.68305,0.040266,0.050302,-0.003,52.143,343.34,0,0,0,0,2.5859e+05,2.1712e+05,4.3937e-06,0.12091,4.0157,0,6.9567e+07,74150,15.009,0.75068,2.9923e-07,-3.6192e-07,-73815,-1.0315,-0.86072,2.2949e-14,0.92021,2.952
0.039991,0.050074,-0.003,0.039991,0.050074,-0.003,0.68486,0.039992,0.050073,-0.003,52.556,343.41,0,0,0,0,2.986e+05,2.2173e+05,1.2667e-06,0.12497,4.1436,0,6.9677e+07,74033,15.009,0.74934,3.6988e-07,-4.4637e-07,-39948,-0.56534,-0.45712,-6.0464e-15,0.91519,2.6969
0.039715,0.049847,-0.003,0.039715,0.049847,-0.003,0.68714,0.039715,0.049846,-0.003,53.004,343.44,0,0,0,0,3.0533e+05,2.657e+05,1.5221e-06,0.12386,4.1818,0,6.9817e+07,73885,15.009,0.74777,2.7347e-07,-3.3245e-07,-5674.2,-0.071827,-0.075244,3.1362e-14,0.91017,2.3777
0.039436,0.049622,-0.003,0.039436,0.049622,-0.003,0.68933,0.039437,0.049622,-0.003,53.39,343.5,0,0,0,0,2.9407e+05,3.3307e+05,6.0124e-06,0.11108,4.8774,0,6.9967e+07,73743,15.009,0.74623,1.6182e-08,-1.9092e-08,-51558,-0.70501,-0.62016,4.9943e-15,0.90515,2.4482
0.039157,0.049399,-0.003,0.039157,0.049399,-0.003,0.69198,0.039157,0.049399,-0.003,53.678,343.59,0,0,0,0,2.8623e+05,3.2421e+05,5.3038e-06,0.097012,6.0209,0,7.017e+07,73571,15.009,0.74428,1.851e-07,-2.278e-07,-1.8367e+05,-2.5649,-2.143,2.7354e-14,0.90014,2.7794
0.03888,0.049173,-0.003,0.03888,0.049173,-0.003,0.69401,0.038878,0.049175,-0.003,53.947,343.68,0,0,0,0,3.2704e+05,2.8062e+05,-9.872e-07,0.091405,7.0712,0,7.0346e+07,73438,15.009,0.74274,6.2201e-07,-7.4779e-07,-2.5859e+05,-3.628,-2.9967,4.5908e-14,0.89513,2.9206
0.038604,0.048946,-0.003,0.038604,0.048946,-0.003,0.69669,0.038605,0.048944,-0.003,54.278,343.73,0,0,0,0,3.8248e+05,3.5137e+05,-4.2381e-07,0.090071,7.5661,0,7.0521e+07,73264,15.009,0.74087,1.8437e-07,-2.11e-07,-2.3372e+05,-3.265,-2.7256,-3.5003e-14,0.8901,2.7782
0.038328,0.048718,-0.003,0.038328,0.048718,-0.003,0.69972,0.038327,0.048719,-0.003,54.581,343.76,0,0,0,0,2.804e+05,3.6049e+05,4.9254e-06,0.084135,8.1249,0,7.0714e+07,73067,15.009,0.73881,-1.0641e-06,1.2642e-06,-3.2884e+05,-4.5647,-3.8687,-1.5862e-13,0.88508,2.9205
0.038054,0.048489,-0.003,0.038054,0.048489,-0.003,0.70159,0.038053,0.04849,-0.003,54.82,343.82,0,0,0,0,2.612e+05,3.0784e+05,3.1953e-06,0.080441,9.1356,0,7.0835e+07,72944,15.009,0.73745,4.1968e-08,-3.4401e-08,-4.2234e+05,-5.8539,-4.9795,-1.0018e-13,0.88005,3.1031
0.037782,0.048257,-0.003,0.037782,0.048257,-0.003,0.70406,0.037782,0.048257,-0.003,55.115,343.87,0,0,0,0,3.4556e+05,3.1597e+05,1.7982e-06,0.080314,9.8525,0,7.0987e+07,72783,15.009,0.73572,1.0266e-06,-1.1964e-06,-4.1461e+05,-5.7301,-4.9092,3.5109e-14,0.87502,2.9837
0.03751,0.048025,-0.003,0.03751,0.048025,-0.003,0.70671,0.03751,0.048025,-0.003,55.419,343.89,0,0,0,0,3.4724e+05,3.3766e+05,-6.606e-07,0.078717,10.298,0,7.1168e+07,72610,15.009,0.73392,8.8406e-07,-1.0308e-06,-4.3612e+05,-6.0189,-5.1746,5.6161e-14,0.86998,2.8675
0.037238,0.047793,-0.003,0.037238,0.047793,-0.003,0.70936,0.037238,0.047793,-0.003,55.682,343.92,0,0,0,0,3.4926e+05,3.5113e+05,1.1289e-06,0.076461,10.833,0,7.1349e+07,72437,15.009,0.73211,3.7777e-07,-4.4057e-07,-4.7696e+05,-6.5831,-5.6584,2.4493e-14,0.86494,2.8246
0.036966,0.04756,-0.003,0.036966,0.04756,-0.003,0.71212,0.036966,0.04756,-0.003,55.923,343.95,0,0,0,0,3.6508e+05,3.6511e+05,5.6129e-06,0.074342,11.477,0,7.1536e+07,72257,15.009,0.73023,-1.4216e-06,1.6581e-06,-5.1966e+05,-7.1743,-6.1627,-8.908e-14,0.8599,2.7946
0.036694,0.047328,-0.003,0.036694,0.047328,-0.003,0.71499,0.036694,0.047328,-0.003,56.137,343.97,0,0,0,0,3.8074e+05,3.8028e+05,2.0417e-06,0.072334,12.181,0,7.173e+07,72069,15.009,0.72828,-1.158e-06,1.3511e-06,-5.63e+05,-7.7737,-6.6755,-7.0277e-14,0.85486,2.7707
0.036422,0.047096,-0.003,0.036422,0.047096,-0.003,0.71798,0.036422,0.047096,-0.003,56.322,343.99,0,0,0,0,3.9391e+05,3.9776e+05,-8.706e-07,0.070288,12.952,0,7.1933e+07,71873,15.009,0.72626,-1.8184e-07,2.1223e-07,-6.1376e+05,-8.4745,-7.2775,-1.0248e-14,0.84982,2.7558
0.03615,0.046864,-0.003,0.03615,0.046864,-0.003,0.72108,0.03615,0.046864,-0.003,56.474,344.01,0,0,0,0,4.0009e+05,4.0798e+05,-2.6967e-06,0.068167,13.812,0,7.2145e+07,71670,15.009,0.72418,5.6892e-07,-6.6322e-07,-6.7458e+05,-9.3136,-7.9993,3.4416e-14,0.84479,2.751
0.035878,0.046632,-0.003,0.035878,0.046632,-0.003,0.7242,0.035878,0.046632,-0.003,56.595,344.02,0,0,0,0,4.2282e+05,4.417e+05,-3.1607e-06,0.06598,14.734,0,7.2353e+07,71466,15.009,0.72209,8.5612e-07,-9.9803e-07,-7.3612e+05,-10.159,-8.7338,5.0438e-14,0.83975,2.7553
0.035606,0.0464,-0.003,0.035606,0.0464,-0.003,0.72773,0.035606,0.0464,-0.003,56.689,344.02,0,0,0,0,4.4194e+05,4.8182e+05,-3.3461e-06,0.063454,15.894,0,7.2591e+07,71234,15.009,0.71975,4.241e-07,-4.9348e-07,-8.4929e+05,-11.696,-10.104,3.3807e-14,0.83471,2.8295
0.035335,0.046166,-0.003,0.035335,0.046166,-0.003,0.73127,0.035334,0.046167,-0.003,56.772,344.04,0,0,0,0,3.9498e+05,3.6577e+05,2.0476e-06,0.0618,17.566,0,7.2857e+07,71001,15.009,0.71736,6.0769e-08,-7.276e-08,-1.0182e+06,-13.967,-12.174,1.3976e-14,0.82967,3.0243
0.035066,0.045931,-0.003,0.035066,0.045931,-0.003,0.73355,0.035065,0.045932,-0.003,56.909,344.06,0,0,0,0,5.208e+05,3.768e+05,-1.4189e-06,0.063788,18.654,0,7.3028e+07,70852,15.009,0.7158,-9.2434e-08,1.0547e-07,-9.6554e+05,-13.201,-11.597,6.0201e-15,0.82462,2.9587
0.034798,0.045694,-0.003,0.034798,0.045694,-0.003,0.73824,0.034799,0.045693,-0.003,57.074,344.04,0,0,0,0,5.5335e+05,5.1533e+05,-8.0939e-06,0.062711,18.681,0,7.3363e+07,70544,15.009,0.71274,-1.2664e-06,1.4638e-06,-9.3747e+05,-12.787,-11.295,-1.2018e-13,0.81957,2.8095
0.034529,0.045458,-0.003,0.034529,0.045458,-0.003,0.7418,0.034528,0.04546,-0.003,57.151,344.03,0,0,0,0,4.6789e+05,4.5969e+05,-2.9692e-06,0.061128,19.101,0,7.3638e+07,70309,15.009,0.7104,-1.7426e-06,1.9873e-06,-1.0451e+06,-14.229,-12.622,-1.2794e-13,0.81452,2.8075
0.034261,0.045221,-0.003,0.034261,0.045221,-0.003,0.74536,0.034263,0.045219,-0.003,57.235,344,0,0,0,0,4.7131e+05,5.312e+05,1.5763e-07,0.059456,19.263,0,7.3869e+07,70075,15.009,0.7081,-1.6574e-06,1.8901e-06,-1.0665e+06,-14.507,-12.893,-1.5747e-13,0.80947,2.7334
0.033993,0.044985,-0.003,0.033993,0.044985,-0.003,0.74948,0.033991,0.044987,-0.003,57.237,343.94,0,0,0,0,2.6897e+05,4.8814e+05,-1.6668e-06,0.055376,20.034,0,7.4126e+07,69804,15.009,0.70549,-4.2759e-07,5.3598e-07,-1.3738e+06,-18.615,-16.684,-1.0217e-13,0.80442,2.9584
0.033726,0.044747,-0.003,0.033726,0.044747,-0.003,0.75105,0.033726,0.044747,-0.003,57.207,343.94,0,0,0,0,2.8057e+05,3.5453e+05,-5.3703e-06,0.06014,21.378,0,7.4211e+07,69700,15.009,0.70442,1.7304e-06,-1.899e-06,-1.5614e+06,-21.055,-19.078,5.3487e-14,0.79936,3.1445
0.033462,0.044506,-0.003,0.033462,0.044506,-0.003,0.75427,0.033462,0.044506,-0.003,57.263,343.93,0,0,0,0,4.5432e+05,4.1965e+05,-2.7448e-06,0.065254,21.821,0,7.4415e+07,69488,15.009,0.7023,-2.0762e-06,2.2794e-06,-1.4303e+06,-19.234,-17.54,-6.9849e-14,0.7943,2.9758
0.033198,0.044265,-0.003,0.033198,0.044265,-0.003,0.75777,0.033198,0.044265,-0.003,57.262,343.89,0,0,0,0,4.5076e+05,4.604e+05,-3.1765e-07,0.064313,22.417,0,7.4665e+07,69258,15.009,0.70005,-2.6864e-06,2.9462e-06,-1.4411e+06,-19.364,-17.69,-4.3982e-14,0.78924,2.866
0.032933,0.044024,-0.003,0.032933,0.044024,-0.003,0.76127,0.032933,0.044024,-0.003,57.242,343.86,0,0,0,0,4.5108e+05,4.7758e+05,6.42e-07,0.063239,23.364,0,7.4914e+07,69027,15.009,0.69779,3.4925e-08,-3.7719e-08,-1.5322e+06,-20.585,-18.812,1.373e-14,0.78418,2.8484
0.032669,0.043783,-0.003,0.032669,0.043783,-0.003,0.76487,0.032669,0.043784,-0.003,57.197,343.82,0,0,0,0,4.9468e+05,5.028e+05,2.6069e-06,0.062254,24.435,0,7.5168e+07,68790,15.009,0.69545,-6.9849e-09,8.3819e-09,-1.5998e+06,-21.491,-19.644,2.4662e-15,0.77911,2.8261
0.032405,0.043543,-0.003,0.032405,0.043543,-0.003,0.7689,0.032405,0.043543,-0.003,57.139,343.77,0,0,0,0,5.7102e+05,5.727e+05,1.2097e-06,0.060732,25.475,0,7.5445e+07,68524,15.009,0.69287,-1.4063e-07,1.546e-07,-1.674e+06,-22.458,-20.584,2.1365e-15,0.77405,2.8446
0.032141,0.043301,-0.003,0.032141,0.043301,-0.003,0.77367,0.03214,0.043302,-0.003,57.057,343.71,0,0,0,0,4.4701e+05,5.8915e+05,1.0488e-06,0.058424,27.019,0,7.579e+07,68209,15.009,0.68984,5.8301e-07,-6.2026e-07,-1.915e+06,-25.532,-23.71,5.7486e-14,0.76899,2.9991
0.031879,0.043058,-0.003,0.031879,0.043058,-0.003,0.77681,0.031878,0.043059,-0.003,56.921,343.7,0,0,0,0,2.9444e+05,3.6767e+05,-3.9266e-06,0.058081,29.847,0,7.605e+07,68002,15.009,0.68775,3.4522e-06,-3.6221e-06,-2.226e+06,-29.415,-27.839,2.4093e-14,0.76392,3.2274
0.03162,0.042811,-0.003,0.03162,0.042811,-0.003,0.77863,0.03162,0.042811,-0.003,56.849,343.72,0,0,0,0,4.9613e+05,2.8539e+05,-5.6527e-06,0.060079,30.935,0,7.6187e+07,67882,15.009,0.68646,2.0768e-07,-2.0466e-07,-1.9664e+06,-25.897,-24.7,2.6573e-14,0.75884,3.0149
0.031362,0.042564,-0.003,0.031362,0.042564,-0.003,0.78284,0.031363,0.042563,-0.003,56.812,343.65,0,0,0,0,4.825e+05,5.6599e+05,-4.5111e-08,0.05891,29.757,0,7.6475e+07,67604,15.009,0.68383,-3.9812e-06,4.1923e-06,-1.7613e+06,-23.218,-22.104,-1.2356e-13,0.75376,2.7292
0.031102,0.042318,-0.003,0.031102,0.042318,-0.003,0.78674,0.031101,0.042319,-0.003,56.646,343.57,0,0,0,0,2.4185e+05,5.9585e+05,4.4357e-06,0.056004,31.262,0,7.6765e+07,67347,15.009,0.68141,1.9015e-06,-1.9339e-06,-2.2705e+06,-29.862,-28.553,5.6483e-15,0.74869,2.9411
0.030843,0.042072,-0.003,0.030843,0.042072,-0.003,0.78918,0.030842,0.042072,-0.003,56.444,343.56,0,0,0,0,3.0536e+05,4.3796e+05,6.4502e-06,0.05599,34.586,0,7.695e+07,67186,15.009,0.67977,1.5765e-06,-1.6645e-06,-2.5207e+06,-33.022,-31.835,1.8632e-13,0.74361,3.0937
0.030586,0.041823,-0.003,0.030586,0.041823,-0.003,0.79235,0.030586,0.041823,-0.003,56.296,343.55,0,0,0,0,4.1548e+05,4.3294e+05,-1.2568e-06,0.056716,36.438,0,7.7185e+07,66977,15.009,0.67766,-3.1684e-06,3.2603e-06,-2.4409e+06,-31.859,-30.956,-9.4213e-15,0.73853,3.0174
0.03033,0.041573,-0.003,0.03033,0.041573,-0.003,0.79566,0.03033,0.041573,-0.003,56.161,343.52,0,0,0,0,4.3295e+05,4.4242e+05,-9.3444e-07,0.056692,37.258,0,7.7438e+07,66758,15.009,0.67551,-6.0857e-06,6.2478e-06,-2.4302e+06,-31.681,-30.862,-5.418e-14,0.73345,2.9148
0.030073,0.041324,-0.003,0.030073,0.041324,-0.003,0.79905,0.030073,0.041324,-0.003,56.02,343.48,0,0,0,0,4.7569e+05,4.6988e+05,4.6477e-06,0.056254,37.78,0,7.7691e+07,66534,15.009,0.67333,-7.2632e-06,7.4562e-06,-2.4119e+06,-31.446,-30.63,-1.0628e-13,0.72837,2.8351
0.029817,0.041075,-0.003,0.029817,0.041075,-0.003,0.80291,0.029817,0.041075,-0.003,55.868,343.41,0,0,0,0,6.1047e+05,6.0096e+05,-8.6048e-07,0.055016,38.249,0,7.7966e+07,66280,15.009,0.67088,-5.8478e-06,6.0098e-06,-2.4543e+06,-31.985,-31.179,-1.4473e-13,0.72329,2.8159
0.029561,0.040825,-0.003,0.029561,0.040825,-0.003,0.8084,0.02956,0.040826,-0.003,55.677,343.3,0,0,0,0,4.3118e+05,6.0352e+05,-1.3112e-06,0.052508,39.719,0,7.838e+07,65917,15.009,0.66746,-3.2906e-06,3.39e-06,-2.8051e+06,-36.339,-35.833,-3.6612e-14,0.71821,2.9693
0.029307,0.040574,-0.003,0.029307,0.040574,-0.003,0.81089,0.029305,0.040576,-0.003,55.358,343.29,0,0,0,0,24737,3.0441e+05,3.1324e-06,0.051808,43.86,0,7.8609e+07,65753,15.009,0.66582,4.9672e-06,-4.8014e-06,-3.2572e+06,-41.639,-42.155,9.9906e-14,0.71312,3.2568
0.029056,0.040318,-0.003,0.029056,0.040318,-0.003,0.81087,0.029056,0.040318,-0.003,55.085,343.37,0,0,0,0,66051,2.2656e+05,-8.9145e-07,0.0535,47.482,0,7.8621e+07,65754,15.009,0.66567,9.8897e-06,-9.5177e-06,-3.2686e+06,-41.342,-42.758,6.6321e-14,0.70803,3.2757
0.028808,0.040061,-0.003,0.028808,0.040061,-0.003,0.81309,0.028809,0.040061,-0.003,54.925,343.39,0,0,0,0,2.2607e+05,2.6643e+05,-4.2641e-06,0.054571,48.586,0,7.8809e+07,65608,15.009,0.66414,8.6962e-06,-8.3721e-06,-3.1528e+06,-39.796,-41.339,-4.1984e-15,0.70293,3.1085
0.028561,0.039803,-0.003,0.028561,0.039803,-0.003,0.81458,0.02856,0.039803,-0.003,54.784,343.43,0,0,0,0,5.5647e+05,2.2199e+05,2.3055e-06,0.055753,48.505,0,7.8965e+07,65510,15.009,0.66303,2.2119e-06,-2.142e-06,-2.8466e+06,-36.032,-37.233,5.7101e-14,0.69784,2.824
0.028312,0.039546,-0.003,0.028312,0.039546,-0.003,0.81901,0.028313,0.039545,-0.003,54.721,343.36,0,0,0,0,6.7007e+05,6.7423e+05,6.5089e-06,0.054642,45.395,0,7.9272e+07,65217,15.009,0.66024,-2.8068e-06,2.7542e-06,-2.4687e+06,-31.367,-32.175,-8.5847e-14,0.69274,2.5415
0.028061,0.039292,-0.003,0.028061,0.039292,-0.003,0.82505,0.02806,0.039293,-0.003,54.571,343.2,0,0,0,0,1.0138e+05,4.3623e+05,-9.517e-07,0.051281,46.499,0,7.9744e+07,64819,15.009,0.65657,-4.6643e-06,4.5837e-06,-3.3957e+06,-42.998,-44.362,-3.0538e-13,0.68765,2.939
0.027812,0.039035,-0.003,0.027812,0.039035,-0.003,0.82312,0.02781,0.039037,-0.003,54.268,343.28,0,0,0,0,2.1951e+05,-2.1112e+05,-8.4371e-06,0.052176,53.286,0,7.9684e+07,64946,15.009,0.65763,-2.8186e-06,2.766e-06,-3.8272e+06,-48.049,-50.385,-1.5683e-13,0.68256,3.1652
0.027568,0.038774,-0.003,0.027568,0.038774,-0.003,0.82483,0.02757,0.038772,-0.003,54.184,343.32,0,0,0,0,5.4036e+05,4.9356e+05,-4.7504e-06,0.053376,51.737,0,7.9794e+07,64834,15.009,0.65641,-1.508e-06,1.4671e-06,-2.8209e+06,-35.171,-37.397,-1.9122e-13,0.67746,2.7051
0.027321,0.038515,-0.003,0.027321,0.038515,-0.003,0.83122,0.027321,0.038515,-0.003,54.15,343.18,0,0,0,0,-54533,9.1772e+05,3.7872e-06,0.050441,50.233,0,8.0243e+07,64412,15.009,0.65252,-1.7856e-06,1.7185e-06,-3.3871e+06,-42.202,-44.922,-1.7688e-13,0.67237,2.8751
0.027076,0.038255,-0.003,0.027076,0.038255,-0.003,0.83174,0.027074,0.038257,-0.003,53.891,343.26,0,0,0,0,-1.4628e+05,55861,9.2405e-06,0.050787,59.564,0,8.0365e+07,64378,15.009,0.65196,4.6487e-06,-4.2231e-06,-4.5419e+06,-56.16,-60.606,-3.4206e-13,0.66727,3.4065
0.026834,0.037991,-0.003,0.026834,0.037991,-0.003,0.8302,0.026834,0.037991,-0.003,53.804,343.46,0,0,0,0,6.5273e+05,-1.5899e+05,9.7146e-06,0.054363,62.794,0,8.0302e+07,64480,15.009,0.65252,3.4436e-06,-3.1372e-06,-3.5914e+06,-44.176,-48.171,-2.4747e-13,0.66217,3.0236
0.026601,0.037735,-0.003,0.026601,0.037735,-0.003,0.83495,0.026596,0.037725,-0.003,53.96,343.37,0,0,0,0,4.6038e+05,9.2901e+05,4.0827e-06,0.052971,57.209,0,8.0636e+07,64167,15.009,0.64963,1.824e-06,-1.7928e-06,-2.9367e+06,-36.138,-39.37,6.8638e-13,0.65722,2.641
0.026385,0.037503,-0.003,0.026385,0.037503,-0.003,0.84057,0.026377,0.037498,-0.003,53.971,343.26,0,0,0,0,-3.4284e+05,46386,-5.262e-08,0.051434,62.965,0,8.1162e+07,63797,15.009,0.64614,1.8175e-06,-1.7839e-06,-4.6046e+06,-56.245,-62.054,6.5814e-13,0.65271,3.2074
0.026201,0.037299,-0.003,0.026201,0.037299,-0.003,0.83432,0.026192,0.037292,-0.003,53.933,343.56,0,0,0,0,6.1579e+05,-1.623e+06,-4.1462e-06,0.0563,73.468,0,8.0858e+07,64209,15.009,0.6495,-8.8476e-07,8.163e-07,-4.3358e+06,-52.795,-58.572,-2.6421e-14,0.64879,3.0962
0.026042,0.037117,-0.003,0.026042,0.037117,-0.003,0.83342,0.026044,0.037114,-0.003,54.221,343.59,0,0,0,0,1.3099e+06,3.4653e+05,-6.0704e-06,0.056899,63.394,0,8.0687e+07,64268,15.009,0.6501,2.3204e-06,-2.115e-06,-2.2004e+06,-26.711,-29.861,4.6864e-13,0.64534,2.1904
0.025889,0.03695,-0.003,0.025889,0.03695,-0.003,0.84209,0.025889,0.036949,-0.003,54.425,343.31,0,0,0,0,-67517,1.854e+06,-4.6939e-07,0.050546,56.547,0,8.1244e+07,63698,15.009,0.64513,1.9385e-06,-1.7891e-06,-3.1509e+06,-38.56,-42.412,4.8684e-13,0.6421,2.5419
0.025737,0.036787,-0.003,0.025737,0.036787,-0.003,0.84293,0.025734,0.036789,-0.003,54.346,343.39,0,0,0,0,-9.109e+05,4.3021e+05,-2.9242e-06,0.050198,70.381,0,8.1417e+07,63642,15.009,0.64436,8.1016e-06,-6.9225e-06,-5.096e+06,-61.582,-69.151,8.5243e-14,0.63892,3.4539
0.025593,0.036622,-0.003,0.025593,0.036622,-0.003,0.83964,0.025591,0.036622,-0.003,54.403,343.63,0,0,0,0,-2.7173e+05,-5.555e+05,-3.1468e-06,0.055246,82.145,0,8.1194e+07,63859,15.009,0.64593,6.5211e-06,-5.6121e-06,-5.0243e+06,-59.322,-69.466,4.056e-13,0.6358,3.5152
0.025455,0.036457,-0.003,0.025455,0.036457,-0.003,0.83845,0.025455,0.036456,-0.003,54.67,343.83,0,0,0,0,3.8178e+05,-6.3987e+05,-3.1742e-06,0.058331,80.443,0,8.1098e+07,63937,15.009,0.64629,-4.549e-06,3.8189e-06,-3.8393e+06,-45.113,-53.362,1.1646e-12,0.63272,3.0432
0.025318,0.036294,-0.003,0.025318,0.036294,-0.003,0.83801,0.025319,0.036293,-0.003,55.017,343.86,0,0,0,0,5.2623e+05,-60075,-1.1033e-05,0.058263,69.356,0,8.1035e+07,63965,15.009,0.64657,-3.1823e-06,2.698e-06,-2.9167e+06,-34.644,-40.281,9.7942e-13,0.62968,2.5944
0.025181,0.036136,-0.003,0.025181,0.036136,-0.003,0.84061,0.025181,0.036135,-0.003,55.357,343.74,0,0,0,0,2.0228e+05,9.0422e+05,-1.6094e-05,0.055017,63.148,0,8.1192e+07,63794,15.009,0.64518,3.0682e-06,-2.76e-06,-3.0684e+06,-36.783,-42.048,6.205e-13,0.62669,2.6136
0.025043,0.035982,-0.003,0.025043,0.035982,-0.003,0.84346,0.025042,0.035982,-0.003,55.602,343.7,0,0,0,0,-3.9595e+05,8.3767e+05,-7.9586e-06,0.053107,68.272,0,8.1462e+07,63607,15.009,0.64342,-4.7963e-07,3.3062e-07,-4.0541e+06,-48.524,-55.529,1.2238e-13,0.62374,3.0355
0.024908,0.035828,-0.003,0.024908,0.035828,-0.003,0.84284,0.024907,0.035829,-0.003,55.832,343.83,0,0,0,0,-2.2718e+05,31900,6.8843e-06,0.055324,77.91,0,8.1483e+07,63648,15.009,0.64349,6.6422e-06,-5.4874e-06,-4.6152e+06,-54.705,-63.659,-1.1931e-12,0.62083,3.3095
0.024778,0.035674,-0.003,0.024778,0.035674,-0.003,0.84234,0.024778,0.035674,-0.003,56.187,343.97,0,0,0,0,1.8969e+05,-1.1612e+05,9.2921e-06,0.05772,80.834,0,8.1453e+07,63681,15.009,0.64349,6.0229e-06,-5.0934e-06,-4.2122e+06,-49.49,-58.515,-5.8747e-13,0.61795,3.1938
0.02465,0.035521,-0.003,0.02465,0.035521,-0.003,0.84297,0.024649,0.035521,-0.003,56.608,344.02,0,0,0,0,99555,1.2513e+05,-4.2022e-06,0.058265,78.042,0,8.15e+07,63639,15.009,0.64301,-2.8107e-06,2.3558e-06,-3.8215e+06,-44.776,-53.225,1.7694e-13,0.61509,3.028
0.024522,0.03537,-0.003,0.024522,0.03537,-0.003,0.84341,0.024522,0.03537,-0.003,57.043,344.05,0,0,0,0,-1794,1.9014e+05,-1.2293e-05,0.058586,76.817,0,8.1552e+07,63611,15.009,0.64268,-4.5355e-07,3.8324e-07,-3.7563e+06,-44.011,-52.318,-2.1567e-14,0.61227,2.9818
0.024396,0.03522,-0.003,0.024396,0.03522,-0.003,0.84387,0.024396,0.03522,-0.003,57.511,344.1,0,0,0,0,30917,2.1293e+05,-7.7261e-06,0.059151,77.377,0,8.1607e+07,63580,15.009,0.64227,-7.0753e-06,5.9577e-06,-3.763e+06,-44.103,-52.395,-3.4514e-14,0.60947,2.973
0.024271,0.035072,-0.003,0.024271,0.035072,-0.003,0.84448,0.024271,0.035071,-0.003,58.013,344.17,0,0,0,0,98851,2.2878e+05,-3.0086e-06,0.059835,78.125,0,8.1674e+07,63540,15.009,0.64175,-4.7665e-06,4.0131e-06,-3.7237e+06,-43.649,-51.843,-9.2566e-15,0.6067,2.9453
0.024147,0.034924,-0.003,0.024147,0.034924,-0.003,0.84526,0.024146,0.034924,-0.003,58.557,344.22,0,0,0,0,1.3431e+05,2.5518e+05,2.7254e-06,0.060428,78.572,0,8.1753e+07,63489,15.009,0.64114,9.5079e-06,-8.0089e-06,-3.666e+06,-42.973,-51.04,-2.9105e-14,0.60394,2.9076
0.024023,0.034777,-0.003,0.024023,0.034777,-0.003,0.84613,0.024023,0.034777,-0.003,59.141,344.26,0,0,0,0,1.516e+05,2.6528e+05,3.2078e-06,0.060951,78.921,0,8.184e+07,63432,15.009,0.64048,1.8674e-05,-1.5728e-05,-3.6141e+06,-42.363,-50.318,-7.6205e-14,0.6012,2.8737
0.0239,0.034631,-0.003,0.0239,0.034631,-0.003,0.84701,0.0239,0.034631,-0.003,59.765,344.3,0,0,0,0,1.9025e+05,2.9181e+05,-2.3623e-06,0.061388,79.181,0,8.1924e+07,63374,15.009,0.63981,6.156e-07,-5.1968e-07,-3.5536e+06,-41.659,-49.472,-6.7153e-14,0.59848,2.8398
0.023778,0.034486,-0.003,0.023778,0.034486,-0.003,0.84813,0.023778,0.034486,-0.003,60.432,344.33,0,0,0,0,2.3518e+05,3.6264e+05,-9.9523e-06,0.061609,79.509,0,8.2021e+07,63300,15.009,0.63903,-7.2597e-06,6.1081e-06,-3.5163e+06,-41.225,-48.95,-3.158e-14,0.59577,2.8261
0.023656,0.034341,-0.003,0.023656,0.034341,-0.003,0.84951,0.023656,0.034341,-0.003,61.136,344.34,0,0,0,0,1.8821e+05,4.3091e+05,-5.1573e-06,0.061606,80.423,0,8.2136e+07,63210,15.009,0.6381,1.6494e-06,-1.3933e-06,-3.5539e+06,-41.576,-49.534,-1.7059e-14,0.59307,2.866
0.023535,0.034197,-0.003,0.023535,0.034197,-0.003,0.85081,0.023534,0.034197,-0.003,61.87,344.37,0,0,0,0,-1.5203e+05,4.4529e+05,-1.4998e-06,0.061823,82.749,0,8.227e+07,63124,15.009,0.63721,2.5369e-06,-2.1025e-06,-3.7441e+06,-43.431,-52.46,7.8013e-14,0.59037,2.9866
0.023415,0.034052,-0.003,0.023415,0.034052,-0.003,0.85093,0.023414,0.034052,-0.003,62.621,344.47,0,0,0,0,-2.8247e+05,87698,-6.8035e-07,0.065466,87.701,0,8.2359e+07,63116,15.009,0.63692,-3.2131e-07,1.8254e-07,-4.0061e+06,-45.899,-56.588,1.9333e-13,0.58769,3.1319
0.023298,0.033905,-0.003,0.023298,0.033905,-0.003,0.84995,0.023297,0.033905,-0.003,63.467,344.64,0,0,0,0,2.4673e+05,-2.1526e+05,7.97e-06,0.073595,89.524,0,8.2331e+07,63181,15.009,0.63718,-3.5204e-06,2.8103e-06,-3.5803e+06,-40.85,-50.755,2.8971e-13,0.585,2.9356
0.02318,0.033758,-0.003,0.02318,0.033758,-0.003,0.85068,0.023181,0.033758,-0.003,64.415,344.72,0,0,0,0,7.0496e+05,1.0787e+05,4.5791e-06,0.073357,85.39,0,8.2377e+07,63133,15.009,0.63654,-3.5702e-06,2.9458e-06,-2.8532e+06,-32.886,-40.235,4.0795e-13,0.58232,2.5151
0.023061,0.033613,-0.003,0.023061,0.033613,-0.003,0.85309,0.023062,0.033613,-0.003,65.391,344.69,0,0,0,0,5.0477e+05,5.6116e+05,-6.7498e-06,0.067552,80.136,0,8.2547e+07,62974,15.009,0.63508,5.7416e-07,-5.2853e-07,-2.6623e+06,-31.063,-37.23,4.5373e-13,0.57964,2.3481
0.02294,0.03347,-0.003,0.02294,0.03347,-0.003,0.85521,0.02294,0.03347,-0.003,66.38,344.66,0,0,0,0,1.9112e+05,7.5709e+05,-2.1277e-06,0.066096,79.228,0,8.2708e+07,62835,15.009,0.63376,7.0883e-06,-6.0019e-06,-2.903e+06,-34.006,-40.438,5.1409e-13,0.57695,2.4849
0.022818,0.033326,-0.003,0.022818,0.033326,-0.003,0.85721,0.022818,0.033326,-0.003,67.401,344.69,0,0,0,0,89586,6.9889e+05,9.8165e-06,0.065862,82.97,0,8.289e+07,62704,15.009,0.6324,4.4946e-06,-3.7975e-06,-3.2981e+06,-38.482,-46.029,3.167e-13,0.57426,2.7505
0.022697,0.033181,-0.003,0.022697,0.033181,-0.003,0.85858,0.022696,0.033182,-0.003,68.503,344.76,0,0,0,0,4310.4,4.0923e+05,1.5273e-05,0.069649,86.066,0,8.3051e+07,62614,15.009,0.63134,-4.0149e-06,3.207e-06,-3.4863e+06,-40.141,-49.071,-3.3531e-14,0.57156,2.9405
0.022578,0.033033,-0.003,0.022578,0.033033,-0.003,0.85893,0.022577,0.033034,-0.003,69.704,344.88,0,0,0,0,76471,1.825e+05,1.9203e-05,0.077685,87.104,0,8.3112e+07,62591,15.009,0.63086,-1.193e-06,1.0282e-06,-3.4788e+06,-39.451,-49.468,-2.6938e-13,0.56886,3.028
0.02246,0.032884,-0.003,0.02246,0.032884,-0.003,0.85957,0.02246,0.032884,-0.003,71.002,344.99,0,0,0,0,2.3312e+05,2.2857e+05,1.773e-05,0.083529,86.048,0,8.3173e+07,62549,15.009,0.63021,4.4466e-06,-3.4934e-06,-3.2192e+06,-36.267,-46.002,-2.3973e-13,0.56614,2.9675
0.022341,0.032733,-0.003,0.022341,0.032733,-0.003,0.86081,0.022342,0.032733,-0.003,72.365,345.07,0,0,0,0,2.2947e+05,3.2943e+05,5.7773e-06,0.084159,84.36,0,8.3298e+07,62468,15.009,0.62927,5.8822e-06,-4.6352e-06,-2.9398e+06,-33.093,-42.046,-1.1675e-13,0.5634,2.857
0.022222,0.032581,-0.003,0.022222,0.032581,-0.003,0.86197,0.022223,0.032582,-0.003,73.792,345.13,0,0,0,0,1.8388e+05,3.6453e+05,-4.7541e-06,0.084501,83.558,0,8.3425e+07,62392,15.009,0.62839,8.0182e-06,-6.3195e-06,-2.8438e+06,-32.008,-40.674,-1.5583e-13,0.56065,2.8197
0.022102,0.032429,-0.003,0.022102,0.032429,-0.003,0.86318,0.022103,0.032429,-0.003,75.303,345.21,0,0,0,0,2.4649e+05,4.0386e+05,2.244e-06,0.086077,83.095,0,8.3542e+07,62312,15.009,0.62745,-1.22e-07,9.872e-08,-2.7445e+06,-30.915,-39.236,-5.1527e-14,0.55788,2.7822
0.021981,0.032275,-0.003,0.021981,0.032275,-0.003,0.86477,0.021982,0.032275,-0.003,76.902,345.26,0,0,0,0,2.8401e+05,5.0292e+05,2.4351e-06,0.086151,82.615,0,8.3679e+07,62208,15.009,0.62632,-3.2373e-06,2.5537e-06,-2.6685e+06,-30.085,-38.128,9.9022e-15,0.55509,2.7667
0.021859,0.03212,-0.003,0.021859,0.03212,-0.003,0.86664,0.021859,0.032121,-0.003,78.587,345.3,0,0,0,0,2.1965e+05,5.8333e+05,3.9296e-06,0.086507,82.317,0,8.3842e+07,62086,15.009,0.62502,-3.1195e-06,2.4564e-06,-2.6895e+06,-30.219,-38.491,-5.9749e-14,0.55228,2.8576
0.021736,0.031964,-0.003,0.021736,0.031964,-0.003,0.86839,0.021736,0.031964,-0.003,80.364,345.37,0,0,0,0,68240,4.147e+05,4.6385e-06,0.091596,82.994,0,8.4049e+07,61971,15.009,0.62375,3.2983e-06,-2.4638e-06,-2.8832e+06,-32.029,-41.522,-1.575e-13,0.54943,3.0379
0.021614,0.031803,-0.003,0.021614,0.031803,-0.003,0.86878,0.021614,0.031805,-0.003,82.269,345.51,0,0,0,0,2.9011e+05,1.3058e+05,-3.7055e-07,0.10136,82.71,0,8.4162e+07,61945,15.009,0.62318,7.5717e-06,-5.764e-06,-2.7207e+06,-29.895,-39.435,-3.2483e-13,0.54656,2.9802
0.021493,0.03164,-0.003,0.021493,0.03164,-0.003,0.86994,0.021494,0.03164,-0.003,84.375,345.66,0,0,0,0,7.149e+05,2.7344e+05,-5.6931e-06,0.11071,75.578,0,8.4242e+07,61870,15.009,0.62212,2.0121e-06,-1.5025e-06,-1.953e+06,-21.501,-28.311,-2.9763e-13,0.54366,2.5357
0.021369,0.031476,-0.003,0.021369,0.031476,-0.003,0.87292,0.02137,0.031475,-0.003,86.597,345.68,0,0,0,0,5.4716e+05,6.9762e+05,-8.4798e-06,0.1054,73.828,0,8.4474e+07,61675,15.009,0.62017,4.1421e-06,-3.2405e-06,-1.5465e+06,-17.242,-22.279,1.8793e-13,0.54072,2.2289
0.02124,0.031311,-0.003,0.02124,0.031311,-0.003,0.87575,0.02124,0.031312,-0.003,88.864,345.69,0,0,0,0,3.0854e+05,8.4569e+05,-6.2443e-06,0.097043,78.202,0,8.4751e+07,61490,15.009,0.61834,2.7139e-06,-2.1297e-06,-1.753e+06,-19.664,-25.129,2.357e-13,0.53774,2.3904
0.021108,0.031145,-0.003,0.021108,0.031145,-0.003,0.87847,0.021108,0.031146,-0.003,91.263,345.74,0,0,0,0,3.7224e+05,7.3004e+05,-9.0344e-06,0.10354,74.263,0,8.4995e+07,61312,15.009,0.61644,-1.3807e-06,1.0873e-06,-1.9183e+06,-21.49,-27.497,-5.4636e-15,0.53472,2.6956
0.020977,0.030975,-0.003,0.020977,0.030975,-0.003,0.88091,0.020976,0.030977,-0.003,93.838,345.83,0,0,0,0,4.57e+05,5.5678e+05,-1.0218e-05,0.11412,68.955,0,8.5225e+07,61153,15.009,0.61466,1.1995e-06,-8.9034e-07,-1.9088e+06,-21.146,-27.539,-1.6245e-13,0.53165,2.8539
0.020845,0.030801,-0.003,0.020845,0.030801,-0.003,0.88311,0.020845,0.030802,-0.003,96.631,345.95,0,0,0,0,6.7911e+05,4.6968e+05,-4.8523e-06,0.12512,63.71,0,8.544e+07,61009,15.009,0.61297,2.689e-06,-2.031e-06,-1.5733e+06,-17.365,-22.759,-3.3515e-13,0.52854,2.6626
0.020712,0.030623,-0.003,0.020712,0.030623,-0.003,0.88618,0.020713,0.030623,-0.003,99.667,346.04,0,0,0,0,7.4516e+05,7.0868e+05,-8.3723e-07,0.13005,58.402,0,8.57e+07,60809,15.009,0.61082,7.7579e-07,-5.8301e-07,-1.0937e+06,-12.102,-15.811,-1.4224e-13,0.52537,2.3455
0.020574,0.030444,-0.003,0.020574,0.030444,-0.003,0.89024,0.020575,0.030445,-0.003,102.9,346.06,0,0,0,0,4.8243e+05,9.1735e+05,-4.4829e-07,0.12344,60.546,0,8.6099e+07,60544,15.009,0.60818,1.1462e-06,-8.9034e-07,-1.1425e+06,-12.613,-16.532,1.1485e-13,0.52215,2.5025
0.020434,0.030261,-0.003,0.020434,0.030261,-0.003,0.89338,0.020433,0.030263,-0.003,106.32,346.11,0,0,0,0,4.6629e+05,7.885e+05,2.1695e-06,0.12802,59.914,0,8.6426e+07,60340,15.009,0.60601,3.7015e-06,-2.7965e-06,-1.3281e+06,-14.595,-19.251,-1.9869e-13,0.51886,2.8059
0.020293,0.030073,-0.003,0.020293,0.030073,-0.003,0.89661,0.020294,0.030074,-0.003,110.01,346.22,0,0,0,0,7.5351e+05,6.6018e+05,-5.068e-06,0.14702,52.257,0,8.6702e+07,60130,15.009,0.60368,1.3285e-06,-9.9419e-07,-1.0662e+06,-11.684,-15.484,-5.0285e-14,0.51551,2.693
0.020151,0.029879,-0.003,0.020151,0.029879,-0.003,0.90045,0.020152,0.02988,-0.003,114.03,346.33,0,0,0,0,9.3923e+05,7.0988e+05,-4.5562e-06,0.16732,44.218,0,8.7053e+07,59880,15.009,0.60098,-2.7579e-07,1.9884e-07,-5.8247e+05,-6.4387,-8.4229,4.9649e-14,0.51209,2.2747
0.020005,0.029683,-0.003,0.020005,0.029683,-0.003,0.90511,0.020007,0.029683,-0.003,118.42,346.39,0,0,0,0,8.7757e+05,9.3522e+05,-1.3056e-07,0.17129,41.808,0,8.7509e+07,59578,15.009,0.59786,5.808e-07,-4.2393e-07,-3.1475e+05,-3.4895,-4.5463,-2.2975e-13,0.50859,2.0033
0.019852,0.029484,-0.003,0.019852,0.029484,-0.003,0.91029,0.019852,0.029485,-0.003,123.22,346.41,0,0,0,0,7.193e+05,1.0022e+06,-1.724e-06,0.16464,43.82,0,8.8022e+07,59242,15.009,0.59448,-1.0586e-06,8.1846e-07,-3.6703e+05,-4.0267,-5.3298,-1.6974e-14,0.50501,2.2485
0.019696,0.029279,-0.003,0.019696,0.029279,-0.003,0.91477,0.019696,0.029281,-0.003,128.49,346.45,0,0,0,0,7.7604e+05,9.1013e+05,-1.7224e-06,0.17942,40.071,0,8.8435e+07,58952,15.009,0.59148,-7.4832e-07,5.7416e-07,-3.8635e+05,-4.2718,-5.5827,8.1915e-15,0.50134,2.5086
0.019538,0.029068,-0.003,0.019538,0.029068,-0.003,0.91986,0.019539,0.029069,-0.003,134.21,346.51,0,0,0,0,9.43e+05,9.3802e+05,-1.8784e-06,0.21357,32.899,0,8.8884e+07,58623,15.009,0.58807,-3.404e-07,2.5629e-07,-1.7131e+05,-1.9453,-2.4374,1.0364e-13,0.49759,2.4333
0.019378,0.028849,-0.003,0.019378,0.028849,-0.003,0.92564,0.019379,0.028851,-0.003,140.46,346.57,0,0,0,0,1.0198e+06,9.573e+05,-2.2334e-06,0.25917,27.354,0,8.9438e+07,58250,15.009,0.58423,-3.3874e-07,2.5664e-07,74778,0.71946,1.1605,1.2906e-13,0.49373,2.3094
0.019206,0.028615,-0.003,0.019206,0.028615,-0.003,0.93184,0.019215,0.028626,-0.003,147.71,346.62,0,0,0,0,1.0393e+06,9.9888e+05,-3.5716e-07,0.30645,24.917,0,9.0055e+07,57851,15.009,0.58015,-5.5403e-08,4.2646e-08,2.5991e+05,2.7275,3.8661,2.9356e-14,0.48959,2.248
0.019009,0.028346,-0.003,0.019009,0.028346,-0.003,0.93952,0.019016,0.028356,-0.003,156.84,346.65,0,0,0,0,1.027e+06,1.0077e+06,1.6848e-06,0.29748,27.548,0,9.0871e+07,57358,15.009,0.57517,-1.1544e-07,8.1485e-08,4.4322e+05,4.7133,6.5426,-4.7892e-14,0.48484,2.3459
0.018784,0.028035,-0.003,0.018784,0.028035,-0.003,0.94765,0.018789,0.028047,-0.003,168.63,346.71,0,0,0,0,1.0046e+06,1.089e+06,-1.3589e-06,0.2474,32.792,0,9.1777e+07,56838,15.009,0.56984,-5.7748e-07,3.8957e-07,6.7122e+05,6.9835,10.022,-1.9254e-13,0.47936,2.3066
0.01854,0.02769,-0.003,0.01854,0.02769,-0.003,0.95818,0.018542,0.027688,-0.003,182.86,346.78,0,0,0,0,1.0882e+06,1.1678e+06,-8.4401e-08,0.22167,33.415,0,9.2903e+07,56166,15.009,0.56301,-8.8295e-07,6.1464e-07,9.2634e+05,9.7339,13.767,-1.513e-13,0.47335,2.03
0.018287,0.027335,-0.003,0.018287,0.027335,-0.003,0.96917,0.018285,0.027336,-0.003,200.19,346.88,0,0,0,0,1.2351e+06,1.0657e+06,1.0683e-06,0.20815,32.998,0,9.4089e+07,55468,15.009,0.55588,-8.3511e-07,5.9325e-07,1.1388e+06,12.071,16.851,-2.4516e-14,0.46715,1.8101
0.018034,0.02698,-0.003,0.018034,0.02698,-0.003,0.97999,0.018037,0.026978,-0.003,220.11,346.98,0,0,0,0,1.1854e+06,1.2389e+06,1.349e-06,0.18854,35.233,0,9.5269e+07,54784,15.009,0.54885,-1.2375e-07,7.2585e-08,1.3038e+06,13.858,19.268,-2.5934e-14,0.46095,1.5358
0.017778,0.026627,-0.003,0.017778,0.026627,-0.003,0.99258,0.017778,0.026627,-0.003,241.66,346.98,0,0,0,0,1.0065e+06,1.3658e+06,3.3092e-06,0.17425,36.647,0,9.6641e+07,53992,15.009,0.54091,-4.3795e-07,3.241e-07,1.448e+06,15.58,21.255,7.7251e-15,0.45474,1.5417
0.017522,0.026275,-0.003,0.017522,0.026275,-0.003,1.0036,0.01752,0.026277,-0.003,261.12,346.96,0,0,0,0,9.574e+05,1.2974e+06,2.1384e-06,0.17034,37.976,0,9.7901e+07,53306,15.009,0.53407,-1.0621e-06,7.7405e-07,1.5281e+06,16.266,22.544,8.6149e-15,0.44854,1.7761
0.01727,0.02592,-0.003,0.01727,0.02592,-0.003,1.0151,0.017268,0.025921,-0.003,278.76,346.96,0,0,0,0,9.7736e+05,1.4353e+06,4.5457e-06,0.16453,38.864,0,9.9243e+07,52587,15.009,0.52687,-6.3097e-08,5.1979e-08,1.5661e+06,16.315,23.365,-6.0373e-15,0.44234,1.4467
0.017021,0.025562,-0.003,0.017021,0.025562,-0.003,1.028,0.017023,0.025561,-0.003,296.91,346.95,0,0,0,0,8.259e+05,1.5338e+06,3.6113e-06,0.16133,37.21,0,1.0073e+08,51794,15.009,0.51894,6.4296e-07,-4.5297e-07,1.5119e+06,15.821,22.521,-1.014e-14,0.43614,0.63718
0.016768,0.025208,-0.003,0.016768,0.025208,-0.003,1.0396,0.016768,0.025207,-0.003,313.53,346.75,0,0,0,0,7.5677e+05,1.5791e+06,-2.2717e-06,0.16943,35.522,0,1.0205e+08,51083,15.009,0.5121,5.1898e-07,-3.7684e-07,1.405e+06,14.994,20.722,-1.0116e-14,0.42994,0.42203
0.016511,0.024856,-0.003,0.016511,0.024856,-0.003,1.0525,0.01651,0.024856,-0.003,327.26,346.22,0,0,0,0,8.7782e+05,1.7125e+06,-4.3437e-07,0.1773,37.251,0,1.0351e+08,50296,15.009,0.50497,2.1281e-07,-1.5704e-07,1.3982e+06,14.956,20.586,-1.147e-14,0.42373,0.97441
0.016255,0.024503,-0.003,0.016255,0.024503,-0.003,1.0669,0.016253,0.024505,-0.003,338.54,345.56,0,0,0,0,9.7928e+05,1.7379e+06,2.7001e-06,0.17921,42.137,0,1.0516e+08,49427,15.009,0.4972,-3.6129e-07,2.4721e-07,1.3614e+06,14.345,20.191,-3.7838e-15,0.41753,1.3885
0.016005,0.024146,-0.003,0.016005,0.024146,-0.003,1.0813,0.016005,0.024146,-0.003,351.53,344.97,0,0,0,0,1.2679e+06,1.8316e+06,1.4796e-06,0.18006,46.059,0,1.0684e+08,48564,15.009,0.48937,2.0867e-07,-1.4296e-07,1.3681e+06,14.214,20.443,8.3333e-15,0.41133,1.2571
0.015755,0.02379,-0.003,0.015755,0.02379,-0.003,1.0995,0.015757,0.023788,-0.003,369.54,344.28,0,0,0,0,1.329e+06,2.1339e+06,-3.093e-06,0.17543,47.739,0,1.0904e+08,47487,15.009,0.47946,3.3807e-07,-2.1921e-07,1.3774e+06,14.468,20.482,2.3316e-14,0.40514,1.1013
0.0155,0.023436,-0.003,0.0155,0.023436,-0.003,1.1184,0.0155,0.023437,-0.003,383.79,343.33,0,0,0,0,1.1692e+06,2.0906e+06,-1.687e-06,0.17474,51.608,0,1.1135e+08,46382,15.009,0.46959,-2.5856e-07,1.9075e-07,1.2073e+06,12.873,17.809,9.1936e-15,0.39893,1.4548
0.015246,0.023082,-0.003,0.015246,0.023082,-0.003,1.1352,0.015245,0.023083,-0.003,395.74,342.28,0,0,0,0,1.3842e+06,2.0888e+06,-8.4177e-07,0.17689,58.018,0,1.1339e+08,45409,15.009,0.46118,-5.5996e-08,3.7369e-08,1.1158e+06,11.798,16.525,-1.2467e-14,0.39273,1.7366
0.014994,0.022727,-0.003,0.014994,0.022727,-0.003,1.1565,0.014995,0.022726,-0.003,409.53,341.11,0,0,0,0,1.4525e+06,2.181e+06,-1.1233e-06,0.17528,59.617,0,1.1611e+08,44196,15.009,0.45039,-1.4028e-07,9.9448e-08,1.091e+06,11.514,16.177,9.296e-15,0.38653,1.7344
0.014742,0.022372,-0.003,0.014742,0.022372,-0.003,1.1756,0.014741,0.022372,-0.003,424.73,339.91,0,0,0,0,1.6387e+06,2.0957e+06,2.6643e-06,0.17235,58.808,0,1.1856e+08,43129,15.009,0.44106,3.1141e-08,-1.9266e-08,1.0883e+06,11.471,16.152,3.0233e-14,0.38033,1.6965
0.014488,0.022018,-0.003,0.014488,0.022018,-0.003,1.1983,0.014491,0.022016,-0.003,444.21,338.47,0,0,0,0,1.6538e+06,2.2378e+06,1.4713e-06,0.16597,53.593,0,1.2161e+08,41878,15.009,0.4301,1.0413e-07,-7.5234e-08,1.0265e+06,11.046,15.073,-1.1356e-14,0.37413,1.8219
0.014233,0.021664,-0.003,0.014233,0.021664,-0.003,1.2201,0.014231,0.021666,-0.003,462.38,336.77,0,0,0,0,1.0294e+06,1.6316e+06,4.296e-07,0.18025,41.196,0,1.2443e+08,40699,15.009,0.42015,2.5834e-08,-2.0961e-08,6.7798e+05,7.4255,9.8526,-2.2466e-14,0.36793,2.26
0.013982,0.021308,-0.003,0.013982,0.021308,-0.003,1.2293,0.013981,0.021309,-0.003,486.31,335.2,0,0,0,0,1.065e+06,1.1603e+06,-9.1124e-08,0.17075,34.617,0,1.2534e+08,40208,15.009,0.41694,2.6241e-08,-1.6304e-08,6.0812e+05,6.2241,9.1444,2.1568e-14,0.36173,2.2658
0.013733,0.020951,-0.003,0.013733,0.020951,-0.003,1.2455,0.013736,0.020949,-0.003,550.21,333.51,0,0,0,0,9.731e+05,1.4429e+06,-1.5284e-06,0.11296,23.243,0,1.2738e+08,39353,15.009,0.41009,1.8836e-07,-1.4238e-07,5.8856e+05,5.9925,8.8877,-9.6305e-14,0.35553,1.9212
0.013479,0.020597,-0.003,0.013479,0.020597,-0.003,1.2582,0.013479,0.020597,-0.003,626.67,331.51,0,0,0,0,1.074e+05,5.9242e+05,-3.9047e-06,0.058898,6.5675,0,1.2871e+08,38694,15.009,0.4057,4.0076e-08,-4.223e-08,30596,0.34506,0.44808,-1.9482e-13,0.34933,2.1694
0.013224,0.020244,-0.003,0.013224,0.020244,-0.003,1.2548,0.013222,0.020245,-0.003,662.22,330.16,0,0,0,0,-2.3089e+05,-1.7864e+05,-1.154e-06,0.029134,0.6057,0,1.2759e+08,38870,15.009,0.40924,-2.0143e-07,1.392e-07,-4.9264e+05,-5.1199,-7.3585,-8.096e-14,0.34313,2.5079
0.012971,0.019889,-0.003,0.012971,0.019889,-0.003,1.2535,0.012972,0.019888,-0.003,661.93,329.82,0,0,0,0,-1.1296e+05,-31128,-3.0582e-07,0.02272,0.1654,0,1.2723e+08,38935,15.009,0.41032,-1.9546e-07,1.3813e-07,-6.2856e+05,-6.6094,-9.3382,-4.1242e-15,0.33693,2.4682
0.012719,0.019533,-0.003,0.012719,0.019533,-0.003,1.2532,0.012719,0.019534,-0.003,658.01,329.84,0,0,0,0,35275,-38738,-7.9803e-07,0.022236,0.062512,0,1.2718e+08,38952,15.009,0.41047,-9.8022e-08,6.918e-08,-5.5785e+05,-5.9103,-8.256,-1.2557e-14,0.33073,2.4247
0.012466,0.019179,-0.003,0.012466,0.019179,-0.003,1.2533,0.012467,0.019178,-0.003,651.1,329.74,0,0,0,0,1.9068e+05,1.8644e+05,-6.5871e-07,0.021953,0.032953,0,1.2715e+08,38945,15.009,0.41053,-2.0879e-07,1.505e-07,-4.3566e+05,-4.6358,-6.4337,-3.6101e-14,0.32452,2.3395
0.01221,0.018826,-0.003,0.01221,0.018826,-0.003,1.2576,0.01221,0.018826,-0.003,637.33,329.5,0,0,0,0,61758,1.6371e+05,-1.3385e-06,0.021404,0.026866,0,1.2779e+08,38721,15.009,0.40849,-6.7113e-08,4.8254e-08,-5.7753e+05,-6.1242,-8.5418,-3.1173e-15,0.31832,2.508
0.011954,0.018474,-0.003,0.011954,0.018474,-0.003,1.2561,0.011952,0.018475,-0.003,619.15,329.47,0,0,0,0,-1.327e+05,-2.0646e+05,-7.7469e-07,0.021369,0.033506,0,1.2755e+08,38798,15.009,0.40931,3.227e-07,-2.3172e-07,-8.0538e+05,-8.5591,-11.897,1.2349e-14,0.31211,2.8277
0.0117,0.01812,-0.003,0.0117,0.01812,-0.003,1.2534,0.011701,0.01812,-0.003,613.11,329.45,0,0,0,0,3.3064e+05,1.9297e+05,-6.1805e-07,0.021249,0.024503,0,1.2707e+08,38938,15.009,0.4108,-2.8929e-07,2.0728e-07,-6.3026e+05,-6.7088,-9.3044,1.9916e-14,0.30591,2.6777
0.011446,0.017766,-0.003,0.011446,0.017766,-0.003,1.2621,0.011448,0.017764,-0.003,609.65,329.25,0,0,0,0,3.7985e+05,1.7105e+05,-1.0703e-06,0.020941,0.023125,0,1.285e+08,38491,15.009,0.40636,-8.9675e-07,6.4296e-07,-6.8033e+05,-7.1787,-10.086,-1.1651e-13,0.29971,2.7141
0.011192,0.017412,-0.003,0.011192,0.017412,-0.003,1.2595,0.011189,0.017414,-0.003,588.36,329.31,0,0,0,0,-1.3215e+05,-2.3252e+05,-7.8324e-07,0.021027,0.031505,0,1.2816e+08,38622,15.009,0.40766,-4.7195e-07,3.3865e-07,-9.0497e+05,-9.5762,-13.393,-1.4579e-13,0.2935,3.0214
0.010939,0.017057,-0.003,0.010939,0.017057,-0.003,1.2575,0.010941,0.017056,-0.003,581.24,329.41,0,0,0,0,61212,4.8242e+05,-1.6484e-06,0.020628,0.02116,0,1.2779e+08,38728,15.009,0.40864,-2.8464e-08,1.9907e-08,-6.5248e+05,-6.9228,-9.6471,5.0973e-15,0.2873,2.8169
0.010684,0.016704,-0.003,0.010684,0.016704,-0.003,1.2668,0.010685,0.016703,-0.003,585.53,329.33,0,0,0,0,1.5002e+05,6.196e+05,-1.838e-06,0.020123,0.018194,0,1.293e+08,38249,15.009,0.40371,2.2602e-07,-1.6415e-07,-6.2432e+05,-6.6162,-9.2402,3.635e-14,0.2811,2.6597
0.010427,0.016353,-0.003,0.010427,0.016353,-0.003,1.2675,0.010426,0.016353,-0.003,588.48,329.33,0,0,0,0,1.2885e+05,3.1289e+05,3.2568e-07,0.020174,0.036248,0,1.2944e+08,38210,15.009,0.40329,3.3202e-07,-2.4092e-07,-9.9636e+05,-10.645,-14.681,4.9911e-14,0.27489,2.8647
0.010169,0.016002,-0.003,0.010169,0.016002,-0.003,1.2724,0.010169,0.016001,-0.003,602.6,329.31,0,0,0,0,2.409e+05,5.1642e+05,-9.3674e-07,0.020159,0.068558,0,1.3026e+08,37963,15.009,0.40071,-4.0862e-07,2.9639e-07,-1.4222e+06,-15.187,-20.957,7.9832e-14,0.26868,3.0636
0.0099111,0.01565,-0.003,0.0099111,0.01565,-0.003,1.2771,0.0099106,0.01565,-0.003,619.61,329.51,0,0,0,0,28220,2.4938e+05,7.0373e-08,0.020128,0.13027,0,1.3117e+08,37721,15.009,0.39793,-8.7311e-08,6.5542e-08,-2.0516e+06,-21.805,-30.303,4.6506e-14,0.26248,3.2702
0.0096558,0.015297,-0.003,0.0096558,0.015297,-0.003,1.2761,0.0096547,0.015298,-0.003,624.86,329.9,0,0,0,0,-20774,18521,1.4706e-06,0.020077,0.17164,0,1.3116e+08,37774,15.009,0.39799,7.0035e-07,-5.0152e-07,-2.429e+06,-25.722,-35.948,-3.1039e-14,0.25627,3.4017
0.0094028,0.014942,-0.003,0.0094028,0.014942,-0.003,1.2771,0.0094032,0.014942,-0.003,595.44,330.15,0,0,0,0,1.6741e+05,2.0145e+05,4.0163e-08,0.020045,0.15336,0,1.3142e+08,37724,15.009,0.39715,1.9558e-08,-1.2573e-08,-2.2442e+06,-23.729,-33.245,-7.4805e-15,0.25007,3.328
0.0091499,0.014587,-0.003,0.0091499,0.014587,-0.003,1.2805,0.00915,0.014587,-0.003,616.15,330.31,0,0,0,0,2.035e+05,2.7117e+05,-6.4496e-07,0.020024,0.14201,0,1.3211e+08,37547,15.009,0.39511,-3.8068e-07,2.7241e-07,-2.1134e+06,-22.38,-31.286,3.4446e-15,0.24387,3.2451
0.008896,0.014233,-0.003,0.008896,0.014233,-0.003,1.2829,0.0088962,0.014233,-0.003,641.36,330.42,0,0,0,0,2.1862e+05,2.6799e+05,9.1261e-07,0.02001,0.15233,0,1.3258e+08,37428,15.009,0.39371,-4.4308e-07,3.1875e-07,-2.1687e+06,-23.049,-32.044,-7.7946e-16,0.23767,3.2466
0.008641,0.01388,-0.003,0.008641,0.01388,-0.003,1.2865,0.0086415,0.01388,-0.003,651.15,330.47,0,0,0,0,3.0685e+05,4.5868e+05,1.7623e-06,0.019996,0.16366,0,1.3324e+08,37246,15.009,0.39175,-4.7265e-07,3.4156e-07,-2.1835e+06,-23.284,-32.207,-5.0505e-15,0.23146,3.193
0.0083847,0.013528,-0.003,0.0083847,0.013528,-0.003,1.2925,0.0083849,0.013528,-0.003,679.26,330.51,0,0,0,0,2.1187e+05,5.1779e+05,-2.2698e-06,0.019989,0.24231,0,1.3434e+08,36945,15.009,0.38854,4.5635e-08,-3.2829e-08,-2.6574e+06,-28.362,-39.175,1.8527e-14,0.22526,3.2762
0.0081279,0.013176,-0.003,0.0081279,0.013176,-0.003,1.296,0.0081274,0.013176,-0.003,691.94,330.63,0,0,0,0,-48451,1.2858e+05,-2.5093e-06,0.019983,0.37635,0,1.3503e+08,36771,15.009,0.38657,-4.1444e-07,2.9919e-07,-3.4829e+06,-37.143,-51.36,1.434e-14,0.21905,3.4907
0.0078724,0.012823,-0.003,0.0078724,0.012823,-0.003,1.2937,0.0078719,0.012823,-0.003,703.78,330.78,0,0,0,0,-4270.2,-47386,-2.083e-06,0.019977,0.41345,0,1.3469e+08,36882,15.009,0.38755,-1.9153e-06,1.376e-06,-3.6929e+06,-39.325,-54.501,1.7278e-14,0.21284,3.5222
0.0076179,0.012469,-0.003,0.0076179,0.012469,-0.003,1.2952,0.0076185,0.012469,-0.003,676.95,330.81,0,0,0,0,1.2613e+05,1.981e+05,-1.5886e-06,0.019973,0.39291,0,1.3496e+08,36809,15.009,0.38674,-1.6885e-06,1.2114e-06,-3.5326e+06,-37.57,-52.175,5.3675e-15,0.20664,3.4475
0.007363,0.012116,-0.003,0.007363,0.012116,-0.003,1.2979,0.0073628,0.012116,-0.003,698.14,330.89,0,0,0,0,-56278,-24187,2.6186e-06,0.019973,0.46071,0,1.3549e+08,36676,15.009,0.38526,1.0543e-06,-7.5833e-07,-3.8783e+06,-41.217,-57.298,-2.223e-14,0.20044,3.5363
0.0071089,0.011762,-0.003,0.0071089,0.011762,-0.003,1.2942,0.0071082,0.011762,-0.003,704.58,331.07,0,0,0,0,63175,-2.3609e+05,8.1398e-07,0.019971,0.43957,0,1.3492e+08,36858,15.009,0.38692,8.0978e-07,-5.879e-07,-3.7734e+06,-40.119,-55.737,3.3288e-14,0.19423,3.4826
0.0068552,0.011408,-0.003,0.0068552,0.011408,-0.003,1.2951,0.0068564,0.011407,-0.003,672.94,331.1,0,0,0,0,3.8229e+05,3.5699e+05,-2.2243e-06,0.019968,0.3372,0,1.3506e+08,36814,15.009,0.38645,-9.9e-07,7.099e-07,-3.0544e+06,-32.511,-45.099,2.5043e-14,0.18803,3.1907
0.0065993,0.011055,-0.003,0.0065993,0.011055,-0.003,1.3033,0.0065999,0.011055,-0.003,697.31,331.02,0,0,0,0,91225,5.0278e+05,3.3311e-07,0.019974,0.5523,0,1.3653e+08,36405,15.009,0.38228,-2.088e-06,1.5234e-06,-3.8605e+06,-41.155,-56.941,-2.0808e-13,0.18183,3.3385
0.0063427,0.010703,-0.003,0.0063427,0.010703,-0.003,1.3033,0.0063412,0.010704,-0.003,697.49,331.09,0,0,0,0,-6.163e+05,-1.0596e+06,1.3106e-06,0.01998,1.0126,0,1.366e+08,36408,15.009,0.38223,-2.4475e-06,1.7756e-06,-5.8915e+06,-62.425,-87.146,-1.7978e-13,0.17562,3.8231
0.0060907,0.010348,-0.003,0.0060907,0.010348,-0.003,1.2818,0.0060885,0.010349,-0.003,654.42,331.45,0,0,0,0,-32966,-1.418e+06,1.0983e-06,0.019976,0.83874,0,1.3295e+08,37481,15.009,0.39299,-1.5041e-07,1.2177e-07,-5.2535e+06,-55.326,-77.95,-8.4348e-14,0.16942,3.6542
0.0058416,0.0099901,-0.003,0.0058416,0.0099901,-0.003,1.2826,0.0058445,0.0099881,-0.003,634.8,331.48,0,0,0,0,4.2833e+05,4.6791e+05,2.6817e-06,0.019966,0.42517,0,1.3307e+08,37444,15.009,0.39259,-5.6345e-08,5.5414e-08,-3.4778e+06,-36.406,-51.768,-1.8312e-13,0.16322,3.1912
0.0055905,0.0096342,-0.003,0.0055905,0.0096342,-0.003,1.2929,0.0055891,0.0096352,-0.003,638.51,331.4,0,0,0,0,-4.1398e+05,2.4137e+05,1.3104e-06,0.019972,0.6222,0,1.3484e+08,36926,15.009,0.38731,-6.6217e-07,4.7334e-07,-4.3745e+06,-45.687,-65.196,-7.1134e-14,0.15703,3.3733
0.0053402,0.0092776,-0.003,0.0053402,0.0092776,-0.003,1.2818,0.0053394,0.0092782,-0.003,583.07,331.69,0,0,0,0,2.493e+05,-4.0381e+05,9.2434e-07,0.01997,0.57962,0,1.3295e+08,37485,15.009,0.39275,-8.5589e-07,5.9698e-07,-4.1785e+06,-43.858,-62.122,1.4773e-13,0.15083,3.1288
0.0050907,0.0089205,-0.003,0.0050907,0.0089205,-0.003,1.2895,0.0050931,0.0089188,-0.003,561.04,331.62,0,0,0,0,8.7931e+05,1.0141e+06,1.7104e-06,0.019961,0.32781,0,1.3428e+08,37096,15.009,0.38879,-1.0394e-06,7.2876e-07,-2.692e+06,-28.296,-40.005,1.09e-13,0.14463,2.3347
0.004837,0.0085663,-0.003,0.004837,0.0085663,-0.003,1.3053,0.0048371,0.0085662,-0.003,585.48,331.51,0,0,0,0,-70738,5.4891e+05,2.3548e-06,0.019968,0.74789,0,1.3711e+08,36308,15.009,0.38075,-7.7439e-07,5.5647e-07,-4.3513e+06,-45.788,-64.602,-9.8959e-14,0.13843,2.5175
0.004583,0.0082123,-0.003,0.004583,0.0082123,-0.003,1.2966,0.0045807,0.0082139,-0.003,577.58,331.8,0,0,0,0,-8.3949e+05,-1.0097e+06,-2.5844e-08,0.01999,1.1768,0,1.3569e+08,36740,15.009,0.38488,-1.0733e-06,7.5856e-07,-6.3302e+06,-66.376,-94.124,-3.054e-14,0.13223,2.9476
0.0043338,0.007855,-0.003,0.0043338,0.007855,-0.003,1.2822,0.0043335,0.0078552,-0.003,531.36,332,0,0,0,0,-5.0459e+05,-7.3403e+05,-9.4343e-07,0.019988,1.0242,0,1.3309e+08,37465,15.009,0.39218,-6.957e-07,4.8056e-07,-5.8386e+06,-60.582,-87.275,2.8892e-14,0.12603,2.6838
0.0040873,0.0074957,-0.003,0.0040873,0.0074957,-0.003,1.2811,0.0040873,0.0074957,-0.003,505.49,332.02,0,0,0,0,50517,-80374,1.347e-07,0.01998,0.83207,0,1.3288e+08,37521,15.009,0.39276,9.3132e-09,-6.9849e-09,-5.0976e+06,-52.564,-76.445,-7.3483e-15,0.11984,2.3483
0.003841,0.0071363,-0.003,0.003841,0.0071363,-0.003,1.2816,0.0038409,0.0071363,-0.003,518.1,332.1,0,0,0,0,1.1722e+05,73186,-9.5376e-07,0.019987,0.81707,0,1.3302e+08,37494,15.009,0.39239,1.8999e-07,-1.2899e-07,-4.9669e+06,-51.123,-74.551,1.9053e-14,0.11365,2.2183
0.0035948,0.0067768,-0.003,0.0035948,0.0067768,-0.003,1.2833,0.0035948,0.0067768,-0.003,526.84,332.11,0,0,0,0,14135,-1104.4,-2.2564e-06,0.019992,0.88279,0,1.3332e+08,37409,15.009,0.39151,-4.6985e-07,3.2177e-07,-5.1464e+06,-52.819,-77.344,1.0448e-14,0.10746,2.2123
0.0033495,0.0064167,-0.003,0.0033495,0.0064167,-0.003,1.2817,0.0033489,0.0064171,-0.003,538.5,332.2,0,0,0,0,-1.4313e+05,-2.4982e+05,1.1367e-06,0.020003,0.95942,0,1.3309e+08,37487,15.009,0.39221,3.6694e-07,-2.4401e-07,-5.394e+06,-55.128,-81.219,-1.5224e-14,0.10127,2.2543
0.0031057,0.0060556,-0.003,0.0031057,0.0060556,-0.003,1.2783,0.0031053,0.0060558,-0.003,551.93,332.3,0,0,0,0,89571,-38410,4.057e-06,0.020007,0.94042,0,1.3251e+08,37662,15.009,0.39391,6.9384e-08,-5.0757e-08,-5.2456e+06,-53.366,-79.153,1.4399e-14,0.095084,2.1941
0.0028631,0.0056937,-0.003,0.0028631,0.0056937,-0.003,1.282,0.0028633,0.0056935,-0.003,554.49,332.22,0,0,0,0,3.0319e+05,3.4268e+05,1.7443e-06,0.020015,0.93622,0,1.3314e+08,37472,15.009,0.39203,-8.8708e-07,5.9418e-07,-5.1089e+06,-51.791,-77.219,1.814e-14,0.088899,2.1144
0.0026207,0.0053316,-0.003,0.0026207,0.0053316,-0.003,1.2861,0.0026202,0.0053319,-0.003,560.63,332.17,0,0,0,0,2.6966e+05,2.5291e+05,-8.5565e-07,0.020034,1.0127,0,1.3388e+08,37266,15.009,0.38992,-7.716e-07,5.1362e-07,-5.2684e+06,-53.331,-79.68,4.4097e-15,0.082715,2.1245
0.002379,0.0049691,-0.003,0.002379,0.0049691,-0.003,1.2882,0.0023792,0.004969,-0.003,561.43,332.13,0,0,0,0,6.5658e+05,7.2836e+05,-3.8232e-06,0.020054,1.038,0,1.3423e+08,37159,15.009,0.38885,-1.0659e-06,7.0967e-07,-5.0239e+06,-50.76,-76.055,1.3545e-14,0.076532,2.0588
0.0021368,0.0046069,-0.003,0.0021368,0.0046069,-0.003,1.3032,0.0021376,0.0046064,-0.003,555.91,331.8,0,0,0,0,4.0929e+05,5.5713e+05,-2.7989e-06,0.020077,1.5044,0,1.3688e+08,36411,15.009,0.38147,-6.8825e-07,4.5961e-07,-6.1484e+06,-61.904,-93.202,-4.0033e-14,0.070349,2.269
0.0018953,0.0042443,-0.003,0.0018953,0.0042443,-0.003,1.3003,0.0018928,0.004246,-0.003,559.68,331.99,0,0,0,0,-6.1032e+05,-5.9189e+05,-2.5718e-06,0.020145,2.051,0,1.3649e+08,36554,15.009,0.38269,-1.7323e-07,1.1828e-07,-7.7056e+06,-76.943,-117.2,-5.7767e-14,0.064167,2.6085
0.0016581,0.0038788,-0.003,0.0016581,0.0038788,-0.003,1.2884,0.001658,0.0038789,-0.003,518.88,332.23,0,0,0,0,-1.3492e+05,-79813,-4.1947e-06,0.020172,1.9771,0,1.3432e+08,37149,15.009,0.3886,-2.9802e-08,1.9092e-08,-7.1866e+06,-70.907,-109.88,3.8919e-15,0.057993,2.5244
0.0014236,0.0035116,-0.003,0.0014236,0.0035116,-0.003,1.2978,0.0014236,0.0035116,-0.003,538.22,331.72,0,0,0,0,3.5315e+05,5.2065e+05,-2.6627e-06,0.020187,2.1907,0,1.3581e+08,36677,15.009,0.3843,-1.6205e-07,1.0524e-07,-7.2127e+06,-70.38,-110.79,2.8006e-14,0.051826,2.5271
0.0011929,0.0031478,-0.003,0.0011929,0.0031478,-0.003,1.2997,0.0011891,0.0031444,-0.003,551.67,331.55,0,0,0,0,-3.3902e+05,-1.088e+05,-2.2183e-06,0.020276,2.9635,0,1.361e+08,36585,15.009,0.38356,-6.8545e-07,4.2561e-07,-8.5597e+06,-82.438,-132.13,1.1488e-14,0.04573,2.7762
0.00097576,0.002797,-0.003,0.00097576,0.002797,-0.003,1.2934,0.00096998,0.0027906,-0.003,551.09,331.66,0,0,0,0,-1.2219e+05,67258,5.2794e-07,0.020397,3.5733,0,1.3501e+08,36898,15.009,0.38668,-8.1398e-07,5.0105e-07,-9.1801e+06,-86.986,-142.59,4.6651e-15,0.039901,2.8499
0.00078039,0.0024727,-0.003,0.00078039,0.0024727,-0.003,1.2983,0.000774,0.0024622,-0.003,552.83,331.38,0,0,0,0,1.1366e+06,1.4545e+06,3.275e-06,0.020489,4.1813,0,1.3578e+08,36656,15.009,0.38442,-5.709e-07,3.39e-07,-8.9319e+06,-83.466,-139.47,-1.3234e-14,0.034562,2.7703
0.00060882,0.002185,-0.003,0.00060882,0.002185,-0.003,1.3182,0.00060357,0.0021757,-0.003,535.71,330.16,0,0,0,0,-1.5544e+05,7.2737e+05,1.6594e-06,0.020529,6.5817,0,1.3898e+08,35670,15.009,0.37562,-1.7136e-07,1.0524e-07,-1.0912e+07,-100.12,-171.37,6.9609e-14,0.029842,3.0476
0.00046094,0.0019332,-0.003,0.00046094,0.0019332,-0.003,1.3101,0.00045414,0.0019263,-0.003,527.56,329.31,0,0,0,0,-4.8361e+06,-3.5491e+06,-8.1211e-07,0.020675,11.028,0,1.3716e+08,36067,15.009,0.38099,-7.0967e-07,3.7439e-07,-1.5839e+07,-140.04,-251.54,-6.6286e-14,0.025731,3.7859
0.00033792,0.0017103,-0.003,0.00033792,0.0017103,-0.003,1.2643,0.00033191,0.0017043,-0.003,498.1,330.1,0,0,0,0,-5.7014e+06,-6.6895e+06,-3.4012e-06,0.021013,14.423,0,1.2931e+08,38376,15.009,0.40421,-7.4506e-07,4.1351e-07,-1.8433e+07,-154.81,-297.01,-1.3401e-13,0.022166,4.2615
0.00023796,0.0015121,-0.003,0.00023796,0.0015121,-0.003,1.2287,0.0002337,0.0015063,-0.003,480.13,330.18,0,0,0,0,-4.6146e+06,-6.047e+06,7.8231e-08,0.021196,17.271,0,1.2323e+08,40238,15.009,0.42362,6.2212e-07,-2.9244e-07,-1.8932e+07,-148.65,-310.16,5.5376e-14,0.019082,4.4446
0.00015626,0.0013367,-0.003,0.00015626,0.0013367,-0.003,1.2055,0.00015253,0.0013316,-0.003,470.43,329.38,0,0,0,0,-9.0742e+06,-7.6456e+06,1.4134e-05,0.021322,21.956,0,1.192e+08,41486,15.009,0.43813,1.9744e-07,-9.3132e-08,-2.1649e+07,-157.61,-360.17,9.8619e-14,0.016414,4.8759
9.003e-05,0.0011815,-0.003,9.003e-05,0.0011815,-0.003,1.1622,8.6264e-05,0.0011772,-0.003,459.98,330.1,0,0,0,0,-1.0016e+07,-1.0938e+07,6.9067e-06,0.021799,26.581,0,1.1319e+08,43876,15.009,0.4622,-7.7486e-07,3.0734e-07,-2.3526e+07,-157.67,-396.82,1.0978e-13,0.01411,5.256
3.7435e-05,0.0010441,-0.003,3.7435e-05,0.0010441,-0.003,1.1268,3.5062e-05,0.00104,-0.003,451.82,328.91,0,0,0,0,-1.4306e+07,-1.6388e+07,-7.0557e-06,0.022046,31.34,0,1.0771e+08,45892,15.009,0.48549,-4.4703e-07,1.6578e-07,-2.5869e+07,-155.61,-442.73,-7.4572e-14,0.012126,5.6277
-3.7082e-06,0.00092266,-0.003,-3.7082e-06,0.00092266,-0.003,1.0709,-6.6494e-06,0.00091929,-0.003,450.64,329.25,0,0,0,0,-1.5984e+07,-2.4065e+07,-1.9222e-06,0.022705,35.959,0,1.0102e+08,49183,15.009,0.5194,1.0431e-07,-4.4704e-08,-2.7546e+07,-147.73,-477.06,-1.3206e-13,0.010421,6.1061
-3.5122e-05,0.00081535,-0.003,-3.5122e-05,0.00081535,-0.003,1.0156,-3.6596e-05,0.00081206,-0.003,449.02,329.9,0,0,0,0,-1.7247e+07,-2.4118e+07,-1.4216e-05,0.023091,40.201,0,9.4428e+07,52557,15.009,0.55418,-6.2585e-07,1.6391e-07,-2.8126e+07,-129.53,-492.81,6.2303e-14,0.0089607,6.4683
-5.8801e-05,0.00072079,-0.003,-5.8801e-05,0.00072079,-0.003,0.97753,-6.0646e-05,0.000718,-0.003,451.18,328.13,0,0,0,0,-2.5244e+07,-3.0644e+07,-2.9832e-05,0.0237,44.846,0,8.9854e+07,54939,15.009,0.58306,-1.2666e-06,2.943e-07,-3.1219e+07,-120.4,-552.31,1.1075e-13,0.0077102,6.8928
-7.5983e-05,0.00063758,-0.003,-7.5983e-05,0.00063758,-0.003,0.91693,-7.7318e-05,0.00063508,-0.003,455.34,328.74,0,0,0,0,-1.9534e+07,-3.9114e+07,-2.8383e-05,0.02518,47.957,0,8.4184e+07,58812,15.009,0.62223,-7.3016e-07,1.695e-07,-3.1942e+07,-102.72,-569.37,4.691e-13,0.0066436,7.1332
-8.7995e-05,0.00056444,-0.003,-8.7995e-05,0.00056444,-0.003,0.87005,-8.865e-05,0.00056214,-0.003,458.51,330.3,0,0,0,0,-1.1509e+07,-2.8685e+07,-3.3662e-05,0.025215,50.582,0,8.0406e+07,61863,15.009,0.65088,-2.2352e-07,4.6566e-08,-2.9836e+07,-80.266,-534.99,2.6275e-13,0.0057345,7.0748
-9.6976e-05,0.00050041,-0.003,-9.6976e-05,0.00050041,-0.003,0.85188,-9.736e-05,0.00049839,-0.003,462.03,329.81,0,0,0,0,-2.8169e+07,-2.5307e+07,-3.076e-05,0.024893,54.303,0,7.8711e+07,63054,15.009,0.66588,-1.0431e-06,1.3225e-07,-3.0634e+07,-66.104,-550.37,-6.1604e-14,0.0049528,7.1842
-0.00010352,0.00044445,-0.003,-0.00010352,0.00044445,-0.003,0.82378,-0.00010454,0.00044274,-0.003,467.29,327.75,0,0,0,0,-3.95e+07,-4.1238e+07,-4.2126e-05,0.027118,57.854,0,7.6093e+07,64903,15.009,0.69051,-8.0466e-07,1.2852e-07,-3.37e+07,-49.862,-606.08,3.4276e-13,0.0042815,7.4323
-0.00010724,0.00039547,-0.003,-0.00010724,0.00039547,-0.003,0.78152,-0.00010765,0.00039393,-0.003,472.69,327.38,0,0,0,0,-3.138e+07,-5.0219e+07,-8.0273e-05,0.029945,59.745,0,7.2775e+07,67691,15.009,0.72001,-1.0431e-06,4.936e-08,-3.452e+07,-28.978,-622.63,2.8493e-13,0.0037125,7.5166
-0.00010881,0.00035266,-0.003,-0.00010881,0.00035266,-0.003,0.74873,-0.00010913,0.0003513,-0.003,477.09,328.09,0,0,0,0,-2.287e+07,-5.0872e+07,-6.035e-06,0.031283,60.372,0,7.0607e+07,69853,15.009,0.74117,-9.5367e-07,3.0966e-08,-3.3955e+07,-10.784,-613.42,-1.3453e-13,0.0032306,7.5061
-0.00010916,0.0003153,-0.003,-0.00010916,0.0003153,-0.003,0.71893,-0.00010934,0.00031411,-0.003,481.42,328.32,0,0,0,0,-1.8649e+07,-5.0411e+07,-5.5134e-07,0.032699,60.715,0,6.8752e+07,71811,15.009,0.76163,2.3842e-07,-9.0804e-09,-3.3875e+07,5.6426,-612.02,-2.5801e-13,0.0028195,7.4901
-0.00010867,0.00028241,-0.003,-0.00010867,0.00028241,-0.003,0.69457,-0.00010884,0.00028169,-0.003,485.51,328.49,0,0,0,0,-1.9487e+07,-4.3481e+07,-2.341e-05,0.034211,60.699,0,6.7325e+07,73402,15.009,0.77797,-3.5763e-07,-1.3039e-08,-3.3797e+07,19.97,-610.34,2.7377e-15,0.002465,7.4526
-0.00010759,0.00025254,-0.003,-0.00010759,0.00025254,-0.003,0.67887,-0.00010765,0.00025218,-0.003,489.54,327.88,0,0,0,0,-3.2335e+07,-3.2124e+07,-5.0291e-05,0.035842,60.248,0,6.6111e+07,74421,15.009,0.79125,-2.5332e-06,-1.0058e-07,-3.4421e+07,36.379,-619.21,4.6234e-13,0.0021487,7.4105
-0.00010591,0.00022415,-0.003,-0.00010591,0.00022415,-0.003,0.67272,-0.00010623,0.00022412,-0.003,493.99,325.96,0,0,0,0,-6.1364e+07,-4.1975e+07,-0.00011837,0.041061,59.233,0,6.5168e+07,74819,15.009,0.80213,-2.0564e-06,-6.333e-08,-3.6518e+07,62.352,-648.8,6.8312e-13,0.0018541,7.4714
-0.00010293,0.00019625,-0.003,-0.00010293,0.00019625,-0.003,0.65436,-0.00010354,0.00019617,-0.003,498.93,324.78,0,0,0,0,-7.1907e+07,-9.0314e+07,-3.0994e-05,0.05109,56.753,0,6.3764e+07,76001,15.009,0.81948,-1.3411e-06,-3.3528e-07,-3.7777e+07,106.47,-658.39,-1.4426e-12,0.001577,7.5353
-9.7793e-05,0.00016871,-0.003,-9.7793e-05,0.00016871,-0.003,0.60975,-9.8411e-05,0.00016856,-0.003,504.06,325.52,0,0,0,0,-5.1111e+07,-1.3792e+08,1.9073e-05,0.061132,52.207,0,6.1329e+07,78830,15.009,0.8496,-3.6955e-06,-1.058e-06,-3.6978e+07,158.83,-630.68,-2.7063e-12,0.0013236,7.4658
-9.0187e-05,0.00014174,-0.003,-9.0187e-05,0.00014174,-0.003,0.54405,-9.081e-05,0.00014154,-0.003,509.46,327.89,0,0,0,0,-1.7036e+07,-1.5368e+08,-3.3975e-05,0.070835,46.644,0,5.8729e+07,82851,15.009,0.88545,-1.3411e-06,-2.8312e-07,-3.4775e+07,199.66,-578.81,-1.1718e-13,0.0010992,7.271
-8.0074e-05,0.00011562,-0.003,-8.0074e-05,0.00011562,-0.003,0.46336,-8.0716e-05,0.00011534,-0.003,515.22,331.4,0,0,0,0,2.4015e+07,-1.422e+08,4.6253e-05,0.08176,40.723,0,5.6483e+07,87460,15.009,0.92059,2.116e-06,9.8348e-07,-3.1577e+07,223.06,-510.11,5.014e-13,0.00090706,6.9369
-6.7473e-05,9.061e-05,-0.003,-6.7473e-05,9.061e-05,-0.003,0.36791,-6.8053e-05,9.0283e-05,-0.003,521.04,335.56,0,0,0,0,7.4065e+07,-9.9873e+07,0.00011933,0.094606,34.074,0,5.4542e+07,92281,15.009,0.95257,1.5795e-06,7.4506e-07,-2.7651e+07,226.17,-433.72,-1.6433e-12,0.00074992,6.339
-5.2547e-05,6.6899e-05,-0.003,-5.2547e-05,6.6899e-05,-0.003,0.26966,-5.3071e-05,6.6535e-05,-0.003,526.81,339.46,0,0,0,0,1.0278e+08,-5.6411e+07,9.5367e-07,0.10664,26.774,0,5.3144e+07,96332,15.009,0.97688,3.8743e-07,7.4506e-08,-2.2845e+07,205.77,-348.72,-2.4764e-12,0.00062841,5.3679
-3.5533e-05,4.4628e-05,-0.003,-3.5533e-05,4.4628e-05,-0.003,0.16788,-3.5995e-05,4.4243e-05,-0.003,532.07,342.77,0,0,0,0,1.0188e+08,-3.5847e+07,-0.00010157,0.12033,19.714,0,5.2117e+07,99351,15.009,0.9965,-8.9407e-08,-1.3411e-07,-1.6927e+07,164.32,-251.14,-8.4704e-13,0.00054185,3.8578
-1.6662e-05,2.3895e-05,-0.003,-1.6662e-05,2.3895e-05,-0.003,0,-1.707e-05,2.3491e-05,-0.003,537.77,344.9,0,0,0,0,7.7215e+07,-1.1556e+07,3.6478e-05,0.14195,13.476,0,5.118e+07,1.0162e+05,15.009,1.0148,-5.9605e-08,-1.8626e-08,-1.0137e+07,102.02,-150.45,4.688e-13,0.00048916,2.7866
3.8116e-06,4.7288e-06,-0.003,3.8116e-06,4.7288e-06,-0.003,0,3.487e-06,4.3546e-06,-0.003,546.74,346.41,0,0,0,0,7.5179e+07,3.6073e+07,4.9353e-05,0.20842,7.7946,0,5.0671e+07,1.0301e+05,15.009,1.022,1.1176e-08,1.2107e-08,-3.1309e+06,19.135,-65.28,-9.048e-15,0.00046835,3.6496
2.5614e-05,-1.2927e-05,-0.003,2.5614e-05,-1.2927e-05,-0.003,0,2.5343e-05,-1.3285e-05,-0.003,542.62,347.43,0,0,0,0,5.514e+07,1.0208e+08,-5.2691e-05,0.2271,9.4905,0,5.1957e+07,1.0478e+05,15.009,1.0305,1.1176e-08,9.3132e-10,4.2784e+06,-79.146,0.17593,-1.4764e-13,0.00047624,5.4092
